0 0.298046875 0.830078125 0.0453125 0.035546875
0 0.30234375 0.278125 0.04453125 0.03828125
0 0.32421875 0.14453125 0.05 0.05078125
0 0.424609375 0.124609375 0.05390625 0.07109375
0 0.38125 0.320703125 0.053125 0.04921875
0 0.433984375 0.324609375 0.035546875 0.051953125
0 0.3015625 0.535546875 0.05078125 0.057421875
0 0.363671875 0.60078125 0.04921875 0.03984375
0 0.409765625 0.657421875 0.034765625 0.073828125
0 0.434375 0.764453125 0.0390625 0.065625
0 0.5375 0.790234375 0.04375 0.062890625
0 0.96484375 0.6 0.0515625 0.09296875
0 0.7375 0.6265625 0.05234375 0.06171875
0 0.64296875 0.618359375 0.032421875 0.1
0 0.6875 0.5484375 0.0546875 0.07265625
0 0.8625 0.3609375 0.04296875 0.07265625
0 0.724609375 0.07109375 0.05234375 0.06015625
0 0.449609375 0.4453125 0.046875 0.04375
0 0.491015625 0.376171875 0.0375 0.0671875
0 0.554296875 0.42890625 0.04375 0.0765625
0 0.553515625 0.540234375 0.04375 0.05625
0 0.598046875 0.519921875 0.040625 0.0890625
0 0.62890625 0.47265625 0.0484375 0.035546875
0 0.638671875 0.4171875 0.040625 0.064453125
0 0.738671875 0.413671875 0.063671875 0.07109375
0 0.752734375 0.364453125 0.0578125 0.06015625
0 0.69453125 0.32265625 0.04921875 0.0671875
0 0.650390625 0.121875 0.05 0.065625
0 0.6796875 0.1546875 0.05625 0.073828125
0 0.724609375 0.213671875 0.06171875 0.04921875
0 0.69609375 0.247265625 0.04453125 0.080859375
0 0.630078125 0.22265625 0.04765625 0.091796875
0 0.625390625 0.3046875 0.04296875 0.091796875
0 0.654296875 0.326171875 0.028515625 0.08203125