0 0.06484375 0.48125 0.1296875 0.36640625
0 0.30859375 0.623046875 0.2671875 0.70703125
0 0.737109375 0.72734375 0.51328125 0.544921875
0 0.215234375 0.314453125 0.13515625 0.137109375
0 0.563671875 0.6671875 0.54921875 0.665625
0 0.715234375 0.29375 0.148046875 0.14296875
0 0.912890625 0.383203125 0.168359375 0.12265625
0 0.95859375 0.276953125 0.0828125 0.16640625
0 0.870703125 0.31171875 0.122265625 0.190625
0 0.655859375 0.288671875 0.101953125 0.126953125
0 0.076171875 0.34765625 0.15234375 0.14765625
0 0.49765625 0.352734375 0.152734375 0.13984375
0 0.474609375 0.277734375 0.135546875 0.08515625