0 0.706640625 0.772265625 0.0671875 0.062109375
0 0.530859375 0.89921875 0.091796875 0.08828125
0 0.365234375 0.87734375 0.09375 0.094921875
0 0.225 0.934375 0.08125 0.0859375
0 0.328515625 0.64375 0.055859375 0.069921875
0 0.331640625 0.7953125 0.071875 0.10625
0 0.585546875 0.731640625 0.0640625 0.094140625
0 0.49921875 0.555078125 0.039453125 0.0671875
0 0.607421875 0.421484375 0.041015625 0.059375
0 0.541796875 0.234375 0.031640625 0.04296875
0 0.5 0.36796875 0.025 0.0484375
0 0.528125 0.358203125 0.028125 0.0484375
0 0.5625 0.329296875 0.030078125 0.0390625
0 0.6 0.29375 0.025 0.051171875
0 0.600390625 0.221484375 0.01875 0.030859375
0 0.52734375 0.167578125 0.023046875 0.028125
0 0.574609375 0.187109375 0.01875 0.0296875
0 0.682421875 0.208984375 0.01640625 0.032421875
0 0.631640625 0.21484375 0.021484375 0.036328125
0 0.673046875 0.17109375 0.01953125 0.02421875
0 0.6734375 0.1515625 0.015234375 0.028125
0 0.353515625 0.941015625 0.048828125 0.108984375
0 0.1859375 0.687890625 0.034375 0.04453125
0 0.1765625 0.662890625 0.075390625 0.075390625