0 0.086328125 0.90234375 0.03984375 0.08984375
0 0.431640625 0.695703125 0.02578125 0.066796875
0 0.81171875 0.278515625 0.028515625 0.0328125
0 0.371484375 0.544140625 0.0359375 0.03984375
0 0.63046875 0.434375 0.022265625 0.04765625
0 0.124609375 0.540625 0.025390625 0.04921875
0 0.227734375 0.937109375 0.0375 0.08671875
0 0.166796875 0.6453125 0.0265625 0.055078125
0 0.64375 0.5078125 0.020703125 0.04921875
0 0.58046875 0.544921875 0.023046875 0.04140625
0 0.464453125 0.278125 0.02265625 0.025390625
0 0.7296875 0.4625 0.015625 0.053515625
0 0.575 0.665234375 0.028125 0.065625
0 0.493359375 0.501171875 0.032421875 0.048046875
0 0.497265625 0.383984375 0.03359375 0.033984375
0 0.558203125 0.20546875 0.01796875 0.031640625
0 0.946484375 0.384765625 0.023046875 0.042578125
0 0.30546875 0.362109375 0.021484375 0.0328125
0 0.223828125 0.637109375 0.02890625 0.0578125
0 0.548828125 0.266015625 0.025390625 0.0328125
0 0.066796875 0.508203125 0.020703125 0.037890625
0 0.34453125 0.287109375 0.027734375 0.028125
0 0.4671875 0.537109375 0.0375 0.044140625
0 0.6671875 0.278125 0.01640625 0.03046875
0 0.42578125 0.25234375 0.030859375 0.03828125
0 0.35390625 0.443359375 0.026171875 0.037109375
0 0.451171875 0.22421875 0.018359375 0.03515625
0 0.208203125 0.389453125 0.019140625 0.035546875
0 0.301171875 0.91640625 0.03671875 0.090625
0 0.326953125 0.514453125 0.02734375 0.033203125
0 0.813671875 0.324609375 0.019921875 0.03671875
0 0.49375 0.2296875 0.019921875 0.03125
0 0.09453125 0.339453125 0.016015625 0.028515625
0 0.766796875 0.336328125 0.020703125 0.047265625
0 0.334375 0.786328125 0.02578125 0.078125
0 0.787890625 0.486328125 0.02265625 0.06015625
0 0.51796875 0.21328125 0.02578125 0.028125
0 0.44140625 0.33828125 0.0203125 0.02578125
0 0.60703125 0.238671875 0.014453125 0.033203125
0 0.0125 0.3828125 0.025 0.0390625
0 0.040625 0.28359375 0.01484375 0.0328125
0 0.09609375 0.376953125 0.01640625 0.030859375
0 0.229296875 0.35546875 0.01640625 0.035546875
0 0.105078125 0.246875 0.01640625 0.024609375
0 0.275390625 0.318359375 0.0171875 0.023828125
0 0.152734375 0.442578125 0.0171875 0.02578125
0 0.70703125 0.48828125 0.019140625 0.04921875
0 0.332421875 0.320703125 0.019140625 0.022265625
0 0.43203125 0.301171875 0.01953125 0.019921875
0 0.4375 0.408203125 0.01640625 0.03828125
0 0.262109375 0.250390625 0.016015625 0.03046875
0 0.789453125 0.333984375 0.01953125 0.035546875
0 0.19296875 0.418359375 0.016015625 0.0328125