0 0.4171875 0.72734375 0.075 0.043359375
0 0.279296875 0.6 0.06328125 0.04921875
0 0.416015625 0.66796875 0.071484375 0.055078125
0 0.4890625 0.673046875 0.0671875 0.041796875
0 0.638671875 0.691015625 0.078515625 0.044140625
0 0.659765625 0.728125 0.07421875 0.043359375
0 0.7265625 0.751171875 0.06953125 0.041015625
0 0.73671875 0.706640625 0.0671875 0.043359375
0 0.79921875 0.744140625 0.069921875 0.05
0 0.876171875 0.73984375 0.07421875 0.046875
0 0.956640625 0.7375 0.064453125 0.046875
0 0.9828125 0.6890625 0.034375 0.040625
0 0.942578125 0.644140625 0.072265625 0.030859375
0 0.970703125 0.605078125 0.058203125 0.0375
0 0.903515625 0.58984375 0.076171875 0.034375
0 0.9171875 0.561328125 0.064453125 0.0375
0 0.977734375 0.54296875 0.04453125 0.04921875
0 0.982421875 0.512890625 0.03515625 0.03828125
0 0.615234375 0.637109375 0.07578125 0.03671875
0 0.612890625 0.616796875 0.077734375 0.032421875
0 0.703125 0.61640625 0.070703125 0.0484375
0 0.718359375 0.58984375 0.063671875 0.04609375
0 0.735546875 0.57265625 0.05703125 0.03828125
0 0.813671875 0.66484375 0.078515625 0.03828125
0 0.803125 0.641796875 0.07578125 0.042578125
0 0.878125 0.63828125 0.064453125 0.039453125
0 0.828515625 0.700390625 0.08203125 0.034375
0 0.896875 0.677734375 0.08125 0.0375
0 0.789453125 0.593359375 0.066015625 0.0375
0 0.855078125 0.536328125 0.058203125 0.032421875
0 0.830859375 0.563671875 0.06171875 0.031640625
0 0.60234375 0.54296875 0.08046875 0.0359375
0 0.582421875 0.578125 0.065234375 0.027734375
0 0.533203125 0.640234375 0.0796875 0.030859375
0 0.532421875 0.60859375 0.06796875 0.03828125
0 0.484375 0.56953125 0.066796875 0.031640625
0 0.39140625 0.596875 0.06796875 0.055078125
0 0.312109375 0.580859375 0.06796875 0.041015625
0 0.2734375 0.54921875 0.051171875 0.05703125
0 0.253125 0.50078125 0.065234375 0.028515625
0 0.294140625 0.483203125 0.0734375 0.0484375
0 0.29921875 0.4640625 0.06796875 0.043359375
0 0.30625 0.433203125 0.064453125 0.05
0 0.32578125 0.40546875 0.064453125 0.066796875
0 0.36640625 0.394140625 0.0609375 0.055859375
0 0.42578125 0.388671875 0.058984375 0.041796875
0 0.365234375 0.36875 0.060546875 0.041796875
0 0.378515625 0.353515625 0.053515625 0.0453125
0 0.438671875 0.359375 0.052734375 0.040234375
0 0.441015625 0.326171875 0.044921875 0.03671875
0 0.45546875 0.280859375 0.046484375 0.041796875
0 0.5296875 0.275390625 0.046484375 0.044140625
0 0.571875 0.279296875 0.051171875 0.0453125
0 0.6078125 0.3 0.052734375 0.041796875
0 0.5296875 0.29921875 0.05625 0.0265625
0 0.54140625 0.320703125 0.058203125 0.039453125
0 0.56015625 0.348828125 0.054296875 0.030078125
0 0.5625 0.38125 0.05078125 0.028515625
0 0.489453125 0.41484375 0.05546875 0.03828125
0 0.503125 0.37734375 0.05703125 0.029296875
0 0.5015625 0.362109375 0.048046875 0.025
0 0.49921875 0.34375 0.05625 0.021875
0 0.49296875 0.329296875 0.053515625 0.0234375
0 0.479296875 0.311328125 0.0546875 0.02578125
0 0.425390625 0.441796875 0.0609375 0.02578125
0 0.4203125 0.462109375 0.064453125 0.039453125
0 0.37421875 0.507421875 0.057421875 0.0484375
0 0.3421875 0.553125 0.065234375 0.066015625
0 0.427734375 0.524609375 0.057421875 0.04765625
0 0.463671875 0.48671875 0.06796875 0.0234375
0 0.480859375 0.459375 0.051171875 0.029296875
0 0.546875 0.4328125 0.06953125 0.027734375
0 0.603125 0.41796875 0.066796875 0.021875
0 0.601171875 0.384375 0.05546875 0.027734375
0 0.61640625 0.358203125 0.05703125 0.030859375
0 0.66015625 0.38203125 0.06171875 0.030078125
0 0.53515625 0.5046875 0.070703125 0.029296875
0 0.5234375 0.4828125 0.059765625 0.044140625
0 0.5265625 0.46015625 0.065234375 0.0375
0 0.591796875 0.49296875 0.06171875 0.032421875
0 0.604296875 0.47265625 0.0609375 0.0359375
0 0.655078125 0.4828125 0.06796875 0.0375
0 0.67578125 0.4625 0.0625 0.041796875
0 0.668359375 0.41484375 0.058203125 0.019921875
0 0.66640625 0.2578125 0.051953125 0.030859375
0 0.659765625 0.30390625 0.053515625 0.0359375
0 0.800390625 0.554296875 0.0546875 0.03671875
0 0.786328125 0.54296875 0.04453125 0.042578125
0 0.734375 0.48046875 0.059765625 0.044140625
0 0.687890625 0.437890625 0.054296875 0.02421875
0 0.751171875 0.446484375 0.057421875 0.0265625
0 0.712890625 0.4203125 0.051171875 0.034375
0 0.712890625 0.3859375 0.04921875 0.039453125
0 0.760546875 0.39609375 0.059765625 0.029296875
0 0.76171875 0.433203125 0.057421875 0.03359375
0 0.77265625 0.480078125 0.04921875 0.030078125
0 0.787109375 0.516015625 0.065234375 0.0265625
0 0.840234375 0.49921875 0.054296875 0.03515625
0 0.83046875 0.46796875 0.0640625 0.033203125
0 0.810546875 0.4390625 0.0546875 0.040234375
0 0.719140625 0.344921875 0.0515625 0.030078125
0 0.7171875 0.326953125 0.05546875 0.02734375
0 0.741796875 0.312109375 0.046875 0.026171875
0 0.708984375 0.27890625 0.049609375 0.035546875
0 0.766796875 0.240625 0.05078125 0.033203125
0 0.744921875 0.255859375 0.049609375 0.033984375
0 0.748046875 0.28515625 0.052734375 0.023046875
0 0.803515625 0.26796875 0.058984375 0.030078125
0 0.9046875 0.270703125 0.057421875 0.023046875
0 0.849609375 0.2734375 0.04140625 0.0203125
0 0.80546875 0.29140625 0.0515625 0.025390625
0 0.86484375 0.293359375 0.060546875 0.020703125
0 0.82265625 0.31015625 0.058203125 0.02734375
0 0.8203125 0.33203125 0.05546875 0.023046875
0 0.771875 0.350390625 0.056640625 0.02734375
0 0.79609375 0.376171875 0.058984375 0.026171875
0 0.834375 0.355078125 0.0625 0.027734375
0 0.88203125 0.3328125 0.05625 0.0296875
0 0.91953125 0.294140625 0.05546875 0.026171875
0 0.915625 0.3109375 0.05234375 0.021484375
0 0.97578125 0.31171875 0.0484375 0.027734375
0 0.943359375 0.3234375 0.05546875 0.028515625
0 0.921484375 0.356640625 0.0484375 0.02734375
0 0.940625 0.36484375 0.0515625 0.03203125
0 0.953515625 0.420703125 0.055078125 0.0296875
0 0.975390625 0.393359375 0.04921875 0.034375
0 0.93046875 0.405078125 0.05625 0.026171875
0 0.8734375 0.409765625 0.051171875 0.02265625
0 0.870703125 0.43125 0.066796875 0.028515625
0 0.9359375 0.463671875 0.057421875 0.033203125
0 0.893359375 0.45234375 0.0625 0.023046875
0 0.883984375 0.47109375 0.06484375 0.02734375
0 0.9015625 0.491015625 0.064453125 0.033203125
0 0.89609375 0.51328125 0.06796875 0.03125