0 0.65546875 0.34453125 0.040625 0.015625
0 0.6078125 0.567578125 0.0390625 0.030078125
0 0.83203125 0.568359375 0.032421875 0.05234375
0 0.556640625 0.698828125 0.02890625 0.046875
0 0.70546875 0.765625 0.03359375 0.03671875
0 0.81484375 0.75078125 0.028125 0.0578125
0 0.856640625 0.801953125 0.0453125 0.028125
0 0.934765625 0.832421875 0.0421875 0.028125
0 0.9109375 0.70703125 0.051171875 0.025390625
0 0.905859375 0.6546875 0.048828125 0.0328125
0 0.94296875 0.6453125 0.026171875 0.048828125
0 0.958984375 0.68046875 0.021875 0.053125
0 0.974609375 0.889453125 0.046875 0.044921875
0 0.90703125 0.95234375 0.03984375 0.043359375