0 0.80703125 0.37578125 0.0234375 0.019140625
0 0.791796875 0.438671875 0.0171875 0.027734375
0 0.68515625 0.450390625 0.023828125 0.01328125
0 0.70390625 0.525390625 0.011328125 0.028515625
0 0.4796875 0.59921875 0.011328125 0.027734375
0 0.477734375 0.626171875 0.015625 0.023828125
0 0.461328125 0.76640625 0.01015625 0.030859375
0 0.464453125 0.83671875 0.009375 0.03125
0 0.4765625 0.9578125 0.00859375 0.03203125
0 0.7078125 0.90234375 0.011328125 0.034765625
0 0.860546875 0.87734375 0.02578125 0.024609375