0 0.779296875 0.674609375 0.03984375 0.026953125
0 0.745703125 0.180859375 0.035546875 0.029296875
0 0.742578125 0.128125 0.021875 0.056640625
0 0.671484375 0.128515625 0.031640625 0.05546875
0 0.7109375 0.130078125 0.016796875 0.06015625
0 0.717578125 0.1984375 0.03984375 0.0328125
0 0.68359375 0.20234375 0.0328125 0.049609375
0 0.68125 0.25625 0.04140625 0.038671875
0 0.612890625 0.27734375 0.033984375 0.04296875
0 0.56640625 0.2515625 0.021484375 0.047265625
0 0.637109375 0.339453125 0.049609375 0.023828125
0 0.60703125 0.171875 0.02734375 0.0515625
0 0.815234375 0.040234375 0.04140625 0.044140625