0 0.8296875 0.031640625 0.0171875 0.028515625
0 0.8078125 0.46015625 0.0234375 0.021484375
0 0.788671875 0.525 0.01328125 0.0296875
0 0.68203125 0.525390625 0.023828125 0.012890625
0 0.698828125 0.603125 0.014453125 0.02578125
0 0.471484375 0.65390625 0.009765625 0.03203125
0 0.468359375 0.681640625 0.014453125 0.023046875
0 0.444921875 0.827734375 0.009375 0.02578125
0 0.44765625 0.8984375 0.009375 0.02734375
0 0.8359375 0.962109375 0.02109375 0.026171875
0 0.685546875 0.97109375 0.009375 0.027734375