0 0.5890625 0.908984375 0.026953125 0.058984375
0 0.53359375 0.944921875 0.026171875 0.048828125
0 0.455078125 0.95234375 0.04140625 0.041015625
0 0.515234375 0.841015625 0.0265625 0.04765625
0 0.478125 0.85078125 0.037890625 0.0359375
0 0.46875 0.798828125 0.019921875 0.055859375
0 0.453125 0.759375 0.02890625 0.039453125
0 0.41015625 0.771484375 0.0390625 0.030859375
0 0.40859375 0.824609375 0.04296875 0.026171875
0 0.423828125 0.876171875 0.038671875 0.047265625
0 0.3078125 0.870703125 0.021484375 0.066796875
0 0.028515625 0.8 0.0484375 0.03046875
0 0.150390625 0.773828125 0.0359375 0.044140625
0 0.118359375 0.67421875 0.04296875 0.025
0 0.33828125 0.680859375 0.03125 0.05234375
0 0.190234375 0.46484375 0.02734375 0.0453125