0 0.676953125 0.443359375 0.042578125 0.0296875
0 0.523046875 0.14765625 0.034375 0.038671875
0 0.6265625 0.5796875 0.03359375 0.0203125
0 0.51640625 0.39296875 0.035546875 0.02578125
0 0.59609375 0.804296875 0.041015625 0.025390625
0 0.40703125 0.4328125 0.016796875 0.06484375
0 0.40234375 0.6125 0.033984375 0.046484375
0 0.34375 0.390234375 0.0515625 0.033203125
0 0.290234375 0.228125 0.037890625 0.05078125
0 0.222265625 0.313671875 0.0328125 0.0484375
0 0.27421875 0.365625 0.053125 0.018359375
0 0.318359375 0.484375 0.04765625 0.030078125
0 0.328515625 0.540234375 0.04140625 0.036328125
0 0.22890625 0.4078125 0.0390625 0.04375
0 0.203515625 0.438671875 0.03203125 0.025
0 0.210546875 0.48359375 0.025 0.0421875
0 0.262890625 0.519140625 0.01875 0.048828125
0 0.28515625 0.550390625 0.021875 0.046875