0 0.9046875 0.8 0.030078125 0.06171875
0 0.60078125 0.721484375 0.0203125 0.062890625
0 0.528515625 0.65625 0.03359375 0.048828125
0 0.54765625 0.755859375 0.0328125 0.04375
0 0.532421875 0.819140625 0.039453125 0.028125
0 0.466015625 0.76875 0.0421875 0.036328125
0 0.4890625 0.666015625 0.03671875 0.03515625
0 0.480859375 0.61171875 0.023828125 0.054296875
0 0.463671875 0.57890625 0.0265625 0.0546875
0 0.4171875 0.5890625 0.0421875 0.033984375
0 0.41953125 0.63515625 0.044140625 0.0171875
0 0.4375 0.6921875 0.0359375 0.0578125
0 0.18046875 0.9421875 0.033203125 0.053515625
0 0.34921875 0.4953125 0.030859375 0.053125
0 0.160546875 0.5828125 0.037890625 0.03984375
0 0.130078125 0.48984375 0.039453125 0.03203125
0 0.197265625 0.275 0.029296875 0.051171875
0 0.318359375 0.6828125 0.024609375 0.066796875
0 0.039453125 0.615234375 0.0546875 0.030078125