0 0.58359375 0.61796875 0.037109375 0.0296875
0 0.39296875 0.426171875 0.028125 0.04609375
0 0.61796875 0.38515625 0.036328125 0.021875
0 0.67421875 0.251171875 0.037109375 0.033984375
0 0.39609375 0.23828125 0.015625 0.067578125
0 0.3296875 0.203515625 0.043359375 0.0296875
0 0.3015625 0.294921875 0.0453125 0.026171875
0 0.3109375 0.3453125 0.0421875 0.028515625
0 0.2515625 0.33125 0.021875 0.053125
0 0.272265625 0.36328125 0.023828125 0.04453125
0 0.201171875 0.297265625 0.03203125 0.044140625
0 0.19375 0.24609375 0.040234375 0.032421875
0 0.21640625 0.219921875 0.042578125 0.040625
0 0.263671875 0.169140625 0.0515625 0.02265625
0 0.211328125 0.126171875 0.035546875 0.048828125
0 0.278515625 0.037890625 0.03203125 0.055078125
0 0.504296875 0.2015625 0.038671875 0.0296875