0 0.876953125 0.5875 0.013671875 0.0234375
0 0.83203125 0.590234375 0.013671875 0.026953125
0 0.85859375 0.54140625 0.015234375 0.021484375
0 0.905859375 0.501953125 0.012890625 0.023046875
0 0.878515625 0.435546875 0.021484375 0.012890625
0 0.8578125 0.442578125 0.02109375 0.015234375
0 0.85859375 0.36484375 0.024609375 0.009375
0 0.91015625 0.2890625 0.009375 0.028515625
0 0.828515625 0.266015625 0.01640625 0.017578125
0 0.821484375 0.28671875 0.0140625 0.020703125
0 0.76875 0.2234375 0.013671875 0.025390625
0 0.851171875 0.072265625 0.012890625 0.023828125
0 0.72734375 0.630859375 0.01640625 0.0234375
0 0.6875 0.59375 0.018359375 0.01875
0 0.669921875 0.61796875 0.019921875 0.011328125
0 0.726953125 0.548828125 0.015625 0.021484375
0 0.712109375 0.54453125 0.012890625 0.023828125
0 0.631640625 0.570703125 0.019140625 0.023046875
0 0.655859375 0.5859375 0.01328125 0.028125
0 0.6671875 0.60234375 0.012109375 0.02109375
0 0.776953125 0.5671875 0.01875 0.01484375
0 0.77734375 0.52265625 0.0171875 0.021875