0 0.8796875 0.357421875 0.01328125 0.02109375
0 0.866015625 0.325 0.01640625 0.01640625
0 0.65703125 0.273046875 0.0140625 0.018359375
0 0.589453125 0.30390625 0.01015625 0.027734375
0 0.524609375 0.9703125 0.013671875 0.02421875
0 0.438671875 0.894140625 0.015625 0.025390625
0 0.474609375 0.93828125 0.018359375 0.019140625
0 0.5015625 0.923828125 0.016015625 0.019921875
0 0.50390625 0.94921875 0.011328125 0.025390625
0 0.494140625 0.93203125 0.0109375 0.0328125
0 0.444140625 0.9828125 0.011328125 0.0234375
0 0.430078125 0.975 0.01640625 0.01953125
0 0.38046875 0.955078125 0.02109375 0.01796875
0 0.330859375 0.914453125 0.018359375 0.02421875
0 0.283203125 0.9109375 0.015625 0.02109375
0 0.29921875 0.959375 0.019921875 0.0265625
0 0.376953125 0.98984375 0.014453125 0.019140625
0 0.240625 0.956640625 0.01015625 0.03046875