0 0.616796875 0.887890625 0.009765625 0.031640625
0 0.562890625 0.923828125 0.01328125 0.029296875
0 0.34296875 0.9078125 0.01640625 0.015234375
0 0.321875 0.87890625 0.012109375 0.022265625
0 0.70390625 0.2625 0.01875 0.02421875
0 0.664453125 0.224609375 0.0171875 0.016015625
0 0.645703125 0.234375 0.012890625 0.021484375
0 0.63515625 0.2140625 0.01484375 0.023828125
0 0.6125 0.2296875 0.019140625 0.015625
0 0.609765625 0.2 0.02109375 0.02265625
0 0.704296875 0.178125 0.0171875 0.022265625
0 0.690234375 0.1734375 0.012890625 0.025390625
0 0.755078125 0.15234375 0.01640625 0.021484375
0 0.753125 0.194140625 0.020703125 0.0171875
0 0.883203125 0.143359375 0.011328125 0.02421875
0 0.83828125 0.1734375 0.015625 0.02421875
0 0.856640625 0.217578125 0.0171875 0.026171875
0 0.810546875 0.222265625 0.015625 0.026171875
0 0.85546875 0.059765625 0.017578125 0.021484375
0 0.832421875 0.06484375 0.019921875 0.01875