0 0.90625 0.16328125 0.012109375 0.0328125
0 0.85234375 0.240625 0.023828125 0.01328125
0 0.7640625 0.096484375 0.019921875 0.019921875
0 0.82421875 0.1421875 0.016015625 0.019921875
0 0.8140625 0.163671875 0.015625 0.021484375
0 0.873046875 0.311328125 0.01953125 0.01796875
0 0.849609375 0.317578125 0.02109375 0.01953125
0 0.85234375 0.419140625 0.013671875 0.0203125
0 0.87109375 0.46640625 0.0140625 0.02265625
0 0.826171875 0.4703125 0.015625 0.029296875
0 0.77109375 0.400390625 0.01796875 0.01953125
0 0.769140625 0.4453125 0.017578125 0.0140625
0 0.720703125 0.4265625 0.0140625 0.019921875
0 0.706640625 0.422265625 0.01328125 0.027734375
0 0.71953125 0.509765625 0.022265625 0.023828125
0 0.680078125 0.47265625 0.0171875 0.01484375
0 0.624609375 0.4484375 0.020703125 0.01953125
0 0.649609375 0.4640625 0.0109375 0.02734375
0 0.66171875 0.48046875 0.011328125 0.0234375
0 0.66171875 0.497265625 0.01640625 0.01484375
0 0.900390625 0.38203125 0.0125 0.025390625