0 0.4609375 0.41171875 0.016796875 0.02578125
0 0.523046875 0.43125 0.012890625 0.0171875
0 0.499609375 0.45390625 0.020703125 0.01484375
0 0.55234375 0.486328125 0.015234375 0.025
0 0.46875 0.50078125 0.009375 0.025390625
0 0.45546875 0.49453125 0.016796875 0.023046875
0 0.529296875 0.4671875 0.011328125 0.0265625
0 0.519921875 0.449609375 0.0109375 0.024609375
0 0.40546875 0.471484375 0.016015625 0.012890625
0 0.3515625 0.43359375 0.014453125 0.02578125
0 0.40078125 0.511328125 0.019921875 0.020703125
0 0.3203125 0.480859375 0.01484375 0.020703125
0 0.26015625 0.525 0.0171875 0.015625
0 0.29453125 0.570703125 0.020703125 0.015234375
0 0.28984375 0.584375 0.021484375 0.0125
0 0.321875 0.654296875 0.0171875 0.019921875
0 0.24921875 0.72734375 0.0109375 0.030078125
0 0.340625 0.74375 0.009375 0.021484375
0 0.330078125 0.76171875 0.013671875 0.021875
0 0.30390625 0.4296875 0.0140625 0.023046875
0 0.291796875 0.95078125 0.01484375 0.022265625
0 0.3859375 0.81328125 0.01328125 0.029296875