0 0.613671875 0.191796875 0.03984375 0.034765625
0 0.833984375 0.190234375 0.03515625 0.057421875
0 0.55703125 0.323828125 0.03515625 0.048828125
0 0.721484375 0.391796875 0.039453125 0.040625
0 0.825390625 0.365625 0.0296875 0.055859375
0 0.87109375 0.416015625 0.0421875 0.03046875
0 0.947265625 0.444140625 0.044921875 0.021484375
0 0.929296875 0.56328125 0.0390625 0.0390625
0 0.6984375 0.6296875 0.037890625 0.05703125
0 0.90859375 0.276171875 0.053125 0.03125
0 0.947265625 0.258984375 0.02890625 0.051171875
0 0.964453125 0.29765625 0.0203125 0.0578125
0 0.91953125 0.3171875 0.048828125 0.0265625
0 0.984375 0.498828125 0.030859375 0.053125
0 0.564453125 0.90390625 0.02890625 0.064453125