0 0.9 0.035546875 0.0140625 0.031640625
0 0.817578125 0.0140625 0.01640625 0.020703125
0 0.80546875 0.035546875 0.011328125 0.022265625
0 0.8484375 0.11328125 0.0265625 0.01640625
0 0.865234375 0.1859375 0.020703125 0.019140625
0 0.840625 0.190625 0.02109375 0.019140625
0 0.8921875 0.261328125 0.014453125 0.02421875
0 0.845703125 0.294140625 0.019140625 0.026171875
0 0.866015625 0.341796875 0.018359375 0.02578125
0 0.81875 0.3453125 0.01875 0.027734375
0 0.76484375 0.27578125 0.017578125 0.021484375
0 0.76328125 0.319140625 0.0234375 0.0171875
0 0.7140625 0.301171875 0.01640625 0.021875
0 0.6984375 0.296484375 0.012109375 0.026953125
0 0.713671875 0.385546875 0.017578125 0.023828125
0 0.6734375 0.34765625 0.01953125 0.017578125
0 0.618359375 0.322265625 0.0203125 0.02421875
0 0.641796875 0.3375 0.012109375 0.026953125
0 0.653125 0.355859375 0.012890625 0.02734375
0 0.637109375 0.360546875 0.015234375 0.015625