0 0.0890625 0.42421875 0.0203125 0.026171875
0 0.1453125 0.46171875 0.016015625 0.0234375
0 0.123046875 0.46796875 0.02421875 0.018359375
0 0.155078125 0.483984375 0.02109375 0.023046875
0 0.19765625 0.48125 0.021875 0.012109375
0 0.1796875 0.501171875 0.023046875 0.027734375
0 0.09453125 0.516015625 0.01484375 0.026171875
0 0.075390625 0.509765625 0.0171875 0.021484375
0 0.036328125 0.48046875 0.02265625 0.015234375
0 0.026953125 0.523828125 0.019140625 0.023828125
0 0.013671875 0.8578125 0.0265625 0.024609375
0 0.12109375 0.7921875 0.0265625 0.017578125
0 0.169921875 0.86015625 0.030078125 0.021875