0 0.474609375 0.519140625 0.037109375 0.026171875
0 0.658984375 0.05078125 0.03984375 0.033203125
0 0.609375 0.170703125 0.028125 0.051171875
0 0.646484375 0.13046875 0.026171875 0.05234375
0 0.8828125 0.148046875 0.030078125 0.062890625
0 0.773046875 0.175 0.03671875 0.03984375
0 0.788671875 0.213671875 0.055859375 0.026171875
0 0.7953125 0.262109375 0.036328125 0.027734375
0 0.87421875 0.33984375 0.037890625 0.04453125
0 0.75546875 0.278515625 0.0234375 0.05
0 0.7328125 0.244140625 0.028125 0.051171875
0 0.723046875 0.195703125 0.043359375 0.031640625
0 0.68671875 0.21171875 0.032421875 0.048046875
0 0.73046875 0.089453125 0.044921875 0.037109375