0 0.03828125 0.475 0.016015625 0.041796875
0 0.105078125 0.47890625 0.02421875 0.026953125
0 0.416015625 0.34921875 0.02109375 0.03359375
0 0.49140625 0.42265625 0.016796875 0.0375
0 0.485546875 0.511328125 0.0203125 0.028515625
0 0.553515625 0.4859375 0.02890625 0.029296875
0 0.773046875 0.19921875 0.015234375 0.03359375
0 0.812890625 0.398828125 0.0234375 0.03203125
0 0.943359375 0.393359375 0.016015625 0.038671875
0 0.60234375 0.756640625 0.01875 0.03203125
0 0.62734375 0.73046875 0.03125 0.026953125
0 0.75703125 0.746875 0.020703125 0.022265625
0 0.8578125 0.7171875 0.024609375 0.0296875
0 0.941796875 0.691015625 0.02265625 0.032421875