0 0.8859375 0.231640625 0.012890625 0.021875
0 0.8703125 0.198828125 0.016796875 0.0125
0 0.595703125 0.1734375 0.007421875 0.030859375
0 0.661328125 0.14375 0.01640625 0.019140625
0 0.53203125 0.846875 0.013671875 0.023828125
0 0.509375 0.828125 0.0109375 0.025390625
0 0.50859375 0.798046875 0.012109375 0.017578125
0 0.501171875 0.808203125 0.011328125 0.031640625
0 0.48125 0.8140625 0.019140625 0.0171875
0 0.45078125 0.859765625 0.0109375 0.023828125
0 0.43671875 0.85234375 0.01796875 0.019140625
0 0.38359375 0.86875 0.015625 0.019140625
0 0.3875 0.83125 0.0171875 0.0171875
0 0.4453125 0.7703125 0.015625 0.02421875
0 0.3359375 0.790234375 0.014453125 0.023046875
0 0.2890625 0.7859375 0.015625 0.020703125
0 0.3046875 0.834375 0.012890625 0.023828125
0 0.246875 0.836328125 0.0078125 0.02890625
0 0.278125 0.89921875 0.0171875 0.028125
0 0.269921875 0.934375 0.019921875 0.02421875