0 0.90703125 0.5375 0.023828125 0.061328125
0 0.609765625 0.532421875 0.02109375 0.06015625
0 0.5609375 0.569140625 0.030859375 0.040625
0 0.48203125 0.58125 0.04609375 0.03515625
0 0.54765625 0.63359375 0.033984375 0.023828125
0 0.536328125 0.47109375 0.031640625 0.048828125
0 0.501171875 0.478515625 0.039453125 0.033984375
0 0.4453125 0.50625 0.037109375 0.041796875
0 0.428125 0.453515625 0.044921875 0.019921875
0 0.486328125 0.429296875 0.02109375 0.055859375
0 0.466796875 0.394921875 0.018359375 0.05234375
0 0.426953125 0.40546875 0.038671875 0.0234375
0 0.35234375 0.3125 0.03203125 0.051953125
0 0.32890625 0.5 0.0234375 0.057421875
0 0.169140625 0.403515625 0.044921875 0.03359375
0 0.1375 0.309375 0.04921875 0.0265625
0 0.189453125 0.76640625 0.03828125 0.0546875
0 0.19765625 0.101171875 0.02421875 0.053515625
0 0.046875 0.4390625 0.048828125 0.026171875