0 0.88359375 0.526171875 0.0390625 0.0421875
0 0.8078125 0.448828125 0.040234375 0.028125
0 0.89453125 0.342578125 0.02578125 0.053515625
0 0.78359375 0.356640625 0.038671875 0.05
0 0.73828125 0.28359375 0.03984375 0.030859375
0 0.796875 0.408203125 0.051171875 0.01953125
0 0.7359375 0.390234375 0.041796875 0.028515625
0 0.659375 0.325 0.02890625 0.05703125
0 0.6203125 0.3671875 0.027734375 0.044921875
0 0.66953125 0.24453125 0.038671875 0.03125
0 0.696484375 0.403515625 0.0328125 0.040625
0 0.7421875 0.43359375 0.026953125 0.05
0 0.7640625 0.469140625 0.026953125 0.050390625
0 0.47109375 0.698828125 0.041015625 0.0296875