0 0.66171875 0.1546875 0.037109375 0.026171875
0 0.616796875 0.376953125 0.04453125 0.02421875
0 0.558203125 0.510546875 0.0265625 0.052734375
0 0.840234375 0.376953125 0.031640625 0.0484375
0 0.94921875 0.45078125 0.02890625 0.044921875
0 0.91171875 0.46484375 0.047265625 0.030078125
0 0.967578125 0.491796875 0.021484375 0.05546875
0 0.920703125 0.512890625 0.05234375 0.021484375
0 0.825390625 0.554296875 0.02734375 0.058984375
0 0.71484375 0.5765625 0.03828125 0.0453125
0 0.86796875 0.608984375 0.04375 0.026171875
0 0.9421875 0.6421875 0.051171875 0.0171875
0 0.918359375 0.758203125 0.0390625 0.0328125
0 0.98125 0.6984375 0.037109375 0.0421875
0 0.689453125 0.81484375 0.034375 0.05625