0 0.538671875 0.55859375 0.00703125 0.025
0 0.501953125 0.605859375 0.015234375 0.025390625
0 0.498828125 0.52109375 0.00859375 0.021875
0 0.484375 0.56015625 0.012109375 0.019921875
0 0.473828125 0.592578125 0.018359375 0.01328125
0 0.457421875 0.60703125 0.0125 0.026953125
0 0.35234375 0.646875 0.015625 0.02265625
0 0.3109375 0.608984375 0.0203125 0.013671875
0 0.28046875 0.598046875 0.0109375 0.021484375
0 0.29140625 0.615234375 0.0140625 0.02421875
0 0.255859375 0.58359375 0.012890625 0.02265625
0 0.426953125 0.560546875 0.01875 0.017578125
0 0.403125 0.53828125 0.015234375 0.0171875
0 0.351953125 0.565625 0.014453125 0.021484375
0 0.33671875 0.559375 0.0109375 0.0234375
0 0.463671875 0.403515625 0.005859375 0.02734375
0 0.508984375 0.285546875 0.00859375 0.028515625
0 0.4546875 0.251171875 0.01640625 0.0203125
0 0.4515625 0.28046875 0.01484375 0.01875
0 0.45390625 0.29765625 0.0203125 0.014453125
0 0.39375 0.2375 0.0125 0.025390625
0 0.476953125 0.0875 0.012109375 0.019921875