0 0.22890625 0.088671875 0.0171875 0.024609375
0 0.2734375 0.11796875 0.020703125 0.021875
0 0.507421875 0.19609375 0.018359375 0.015234375
0 0.52109375 0.227734375 0.013671875 0.02578125
0 0.180859375 0.83203125 0.023046875 0.01328125
0 0.167578125 0.849609375 0.023046875 0.024609375
0 0.13203125 0.81015625 0.015625 0.024609375
0 0.142578125 0.830859375 0.015625 0.023046875
0 0.1125 0.8171875 0.018359375 0.01640625
0 0.074609375 0.773828125 0.02109375 0.029296875
0 0.0828125 0.862890625 0.01484375 0.02890625
0 0.065234375 0.8578125 0.019140625 0.018359375
0 0.0234375 0.8296875 0.019140625 0.021484375
0 0.012109375 0.87265625 0.02265625 0.023828125