0 0.911328125 0.541796875 0.02734375 0.055078125
0 0.212890625 0.44453125 0.0515625 0.026953125
0 0.4265625 0.62265625 0.037890625 0.043359375
0 0.484765625 0.92890625 0.024609375 0.04296875
0 0.62734375 0.7828125 0.03828125 0.034765625
0 0.590234375 0.840625 0.030859375 0.0609375
0 0.57421875 0.9453125 0.024609375 0.063671875
0 0.6625 0.899609375 0.029296875 0.059765625
0 0.6984375 0.891015625 0.026953125 0.055859375
0 0.7109375 0.941015625 0.0296875 0.030859375
0 0.680859375 0.967578125 0.051171875 0.03203125
0 0.75625 0.785546875 0.037109375 0.037890625
0 0.603515625 0.637890625 0.028125 0.044921875
0 0.64296875 0.425390625 0.0359375 0.0421875
0 0.74296875 0.493359375 0.030078125 0.050390625