0 0.60703125 0.778125 0.008984375 0.030859375
0 0.553515625 0.802734375 0.015625 0.03125
0 0.33203125 0.784375 0.017578125 0.023828125
0 0.311328125 0.756640625 0.0171875 0.023046875
0 0.875390625 0.019140625 0.013671875 0.02734375
0 0.8484375 0.09609375 0.01328125 0.023828125
0 0.8296875 0.05 0.0171875 0.02421875
0 0.80234375 0.100390625 0.013671875 0.0296875
0 0.7484375 0.028515625 0.015625 0.01953125
0 0.74453125 0.0703125 0.019140625 0.019140625
0 0.696484375 0.05390625 0.015625 0.021484375
0 0.68203125 0.049609375 0.012109375 0.026171875
0 0.695703125 0.1375 0.01796875 0.02734375
0 0.65625 0.1 0.019921875 0.01953125
0 0.60078125 0.074609375 0.020703125 0.02109375
0 0.62578125 0.091015625 0.01484375 0.02734375
0 0.63671875 0.108984375 0.0125 0.02421875
0 0.59609375 0.1015625 0.0203125 0.01953125