0 0.10625 0.716796875 0.0234375 0.0171875
0 0.039453125 0.219140625 0.018359375 0.01953125
0 0.06015625 0.277734375 0.018359375 0.0171875
0 0.05625 0.2921875 0.024609375 0.0125
0 0.222265625 0.216015625 0.018359375 0.020703125
0 0.328125 0.3375 0.01953125 0.01484375
0 0.443359375 0.240234375 0.012109375 0.032421875
0 0.36484375 0.26015625 0.012109375 0.025
0 0.379296875 0.27265625 0.01875 0.017578125
0 0.508984375 0.207421875 0.009375 0.023828125
0 0.498828125 0.202734375 0.0109375 0.028125
0 0.5765625 0.238671875 0.015625 0.021484375
0 0.58828125 0.35234375 0.009375 0.026953125
0 0.556640625 0.34765625 0.016796875 0.025
0 0.570703125 0.41875 0.01640625 0.025390625
0 0.566796875 0.43828125 0.020703125 0.01328125
0 0.632421875 0.425390625 0.01953125 0.0234375
0 0.601953125 0.47578125 0.01171875 0.03046875
0 0.61953125 0.50546875 0.01015625 0.02421875
0 0.580078125 0.54765625 0.019140625 0.02109375
0 0.59296875 0.516796875 0.023046875 0.01484375
0 0.60546875 0.502734375 0.01953125 0.019140625
0 0.6125 0.280078125 0.0203125 0.026171875
0 0.612109375 0.2171875 0.018359375 0.019921875
0 0.0296875 0.14140625 0.02421875 0.015625
0 0.015625 0.18828125 0.023828125 0.020703125
0 0.38984375 0.15234375 0.02265625 0.015234375
0 0.54453125 0.171875 0.02109375 0.016796875