0 0.109375 0.68515625 0.01796875 0.017578125
0 0.07265625 0.73515625 0.016796875 0.019140625
0 0.522265625 0.048828125 0.0078125 0.0265625
0 0.481640625 0.01171875 0.009375 0.022265625
0 0.4859375 0.101171875 0.0140625 0.0234375
0 0.466796875 0.053515625 0.01328125 0.023046875
0 0.4390625 0.103515625 0.01328125 0.028125
0 0.4265625 0.09765625 0.00703125 0.024609375
0 0.405859375 0.04765625 0.019921875 0.01953125
0 0.3828125 0.02734375 0.01796875 0.019921875
0 0.32890625 0.138671875 0.01953125 0.023828125
0 0.33046875 0.052734375 0.017578125 0.02109375
0 0.316015625 0.046875 0.012890625 0.030859375
0 0.286328125 0.1 0.023828125 0.016796875
0 0.23125 0.071484375 0.020703125 0.023828125
0 0.25703125 0.090625 0.01015625 0.0296875
0 0.269140625 0.106640625 0.013671875 0.0265625