0 0.65703125 0.0515625 0.0265625 0.067578125
0 0.526953125 0.341015625 0.036328125 0.0515625
0 0.686328125 0.62734375 0.038671875 0.038671875
0 0.6421875 0.762890625 0.03125 0.04296875
0 0.523046875 0.58203125 0.04453125 0.023828125
0 0.414453125 0.80078125 0.032421875 0.0375
0 0.4140625 0.627734375 0.01875 0.05703125
0 0.30234375 0.427734375 0.028125 0.049609375
0 0.23515625 0.508984375 0.03984375 0.0390625
0 0.35703125 0.58515625 0.026171875 0.0359375
0 0.283984375 0.560546875 0.04921875 0.021484375
0 0.23671875 0.605859375 0.04140625 0.0375
0 0.333984375 0.725 0.03515625 0.02578125
0 0.325390625 0.67578125 0.037109375 0.0375
0 0.216796875 0.634765625 0.046875 0.035546875
0 0.294140625 0.740234375 0.028125 0.04375
0 0.271875 0.699609375 0.030078125 0.04453125
0 0.223046875 0.67421875 0.029296875 0.044140625
0 0.609375 0.9875 0.034375 0.022265625