0 0.205078125 0.384765625 0.0234375 0.01953125
0 0.183984375 0.408203125 0.02578125 0.027734375
0 0.1484375 0.369921875 0.019140625 0.0234375
0 0.1609375 0.390625 0.01640625 0.025
0 0.128125 0.37734375 0.024609375 0.022265625
0 0.091015625 0.33515625 0.028125 0.028515625
0 0.1015625 0.42265625 0.016796875 0.03046875
0 0.08046875 0.425 0.025390625 0.02578125
0 0.042578125 0.390625 0.024609375 0.021484375
0 0.033203125 0.4359375 0.026171875 0.02109375
0 0.013671875 0.516015625 0.02109375 0.0171875
0 0.162890625 0.70546875 0.03046875 0.016015625
0 0.21171875 0.77265625 0.0234375 0.012890625
0 0.023828125 0.769921875 0.026171875 0.023828125
0 0.1234375 0.971875 0.0265625 0.02734375