0 0.74453125 0.7671875 0.03828125 0.045703125
0 0.691015625 0.24296875 0.038671875 0.028125
0 0.66796875 0.27265625 0.04609375 0.027734375
0 0.63359375 0.282421875 0.025390625 0.06015625
0 0.64140625 0.333203125 0.0421875 0.04609375
0 0.679296875 0.1953125 0.02265625 0.05703125
0 0.651171875 0.201171875 0.01953125 0.056640625
0 0.61171875 0.208984375 0.030078125 0.0484375
0 0.741015625 0.088671875 0.034375 0.04765625
0 0.602734375 0.43515625 0.04921875 0.03515625
0 0.572265625 0.37421875 0.03828125 0.034375
0 0.520703125 0.358203125 0.025390625 0.048046875
0 0.55234375 0.269140625 0.0328125 0.053515625
0 0.60625 0.06171875 0.048046875 0.03203125