0 0.54609375 0.602734375 0.0171875 0.02578125
0 0.516796875 0.551171875 0.016796875 0.01796875
0 0.52265625 0.58359375 0.00859375 0.02734375
0 0.494921875 0.57109375 0.018359375 0.01484375
0 0.5140625 0.56640625 0.015625 0.026171875
0 0.46484375 0.6171875 0.011328125 0.025390625
0 0.45 0.610546875 0.018359375 0.01953125
0 0.457421875 0.52734375 0.01640625 0.023828125
0 0.40078125 0.5875 0.019921875 0.012109375
0 0.34921875 0.548828125 0.0171875 0.0265625
0 0.396484375 0.627734375 0.017578125 0.01796875
0 0.3171875 0.59453125 0.0140625 0.022265625
0 0.290625 0.676171875 0.012890625 0.0265625
0 0.2546875 0.630859375 0.012109375 0.0296875
0 0.28515625 0.69765625 0.022265625 0.015625
0 0.317578125 0.767578125 0.01796875 0.02265625
0 0.2453125 0.83828125 0.009375 0.029296875
0 0.337109375 0.85546875 0.011328125 0.021484375
0 0.324609375 0.8703125 0.018359375 0.02265625
0 0.380078125 0.92578125 0.011328125 0.0296875
0 0.30234375 0.5453125 0.016015625 0.02109375