0 0.69375 0.48828125 0.144921875 0.192578125
0 0.35859375 0.3171875 0.1109375 0.139453125
0 0.809375 0.463671875 0.16171875 0.20390625
0 0.215234375 0.427734375 0.102734375 0.186328125
0 0.5546875 0.319140625 0.078515625 0.13984375
0 0.541015625 0.445703125 0.08671875 0.238671875
0 0.747265625 0.320703125 0.065625 0.132421875
0 0.84765625 0.118359375 0.053515625 0.09765625
0 0.569140625 0.24296875 0.044921875 0.081640625
0 0.612890625 0.321875 0.05625 0.151171875
0 0.653515625 0.37890625 0.089453125 0.141796875
0 0.680859375 0.2984375 0.06484375 0.13671875
0 0.50390625 0.235546875 0.093359375 0.14453125
0 0.43515625 0.31328125 0.06875 0.1390625
0 0.464453125 0.45703125 0.094140625 0.250390625
0 0.34609375 0.44453125 0.1078125 0.254296875
0 0.26015625 0.469140625 0.141015625 0.274609375