0 0.53984375 0.280078125 0.27578125 0.254296875
0 0.073828125 0.1984375 0.147265625 0.225390625
0 0.27890625 0.352734375 0.215625 0.28828125
0 0.21796875 0.086328125 0.179296875 0.172265625
0 0.067578125 0.453125 0.134765625 0.3234375
0 0.21484375 0.889453125 0.415234375 0.2171875
0 0.73984375 0.193359375 0.205859375 0.190234375
0 0.91171875 0.394921875 0.176171875 0.3703125
0 0.363671875 0.0640625 0.118359375 0.128125
0 0.7390625 0.074609375 0.15234375 0.141015625
0 0.183203125 0.415625 0.1671875 0.218359375
0 0.16796875 0.640234375 0.333984375 0.341015625
0 0.85703125 0.86796875 0.28203125 0.263671875