0 0.502734375 0.589453125 0.2390625 0.4421875
0 0.821875 0.456640625 0.09765625 0.13125
0 0.24453125 0.669921875 0.182421875 0.496484375
0 0.45078125 0.6484375 0.172265625 0.411328125
0 0.116015625 0.661328125 0.218359375 0.46953125
0 0.26953125 0.661328125 0.277734375 0.466796875
0 0.90390625 0.5671875 0.15234375 0.281640625
0 0.940234375 0.436328125 0.117578125 0.15625
0 0.658984375 0.608984375 0.15625 0.401171875
0 0.71171875 0.587109375 0.123046875 0.37890625
0 0.7125 0.558203125 0.128515625 0.319140625