0 0.74453125 0.31484375 0.02265625 0.035546875
0 0.219921875 0.419140625 0.05078125 0.05234375
0 0.803125 0.571484375 0.074609375 0.083203125
0 0.29296875 0.552734375 0.09375 0.08515625
0 0.37734375 0.451171875 0.05 0.066796875
0 0.371484375 0.241015625 0.025 0.02421875
0 0.79921875 0.4125 0.037109375 0.046484375
0 0.765234375 0.434765625 0.040234375 0.0328125
0 0.10390625 0.391796875 0.040234375 0.0484375
0 0.252734375 0.292578125 0.019921875 0.03671875
0 0.432421875 0.38359375 0.040234375 0.03828125
0 0.28046875 0.3046875 0.021484375 0.02421875
0 0.81796875 0.31015625 0.028515625 0.03203125
0 0.30703125 0.3640625 0.03359375 0.04375
0 0.4828125 0.367578125 0.035546875 0.043359375
0 0.187890625 0.316015625 0.021875 0.034375
0 0.3921875 0.3 0.036328125 0.036328125
0 0.653515625 0.3515625 0.023828125 0.046484375
0 0.490234375 0.2890625 0.033984375 0.032421875
0 0.896875 0.43828125 0.0453125 0.03828125
0 0.859765625 0.430078125 0.025 0.03515625
0 0.317578125 0.255859375 0.016796875 0.02421875
0 0.1671875 0.4609375 0.04453125 0.09921875
0 0.71640625 0.428125 0.0484375 0.053125