0 0.92265625 0.43515625 0.082421875 0.065625
0 0.33515625 0.52734375 0.058984375 0.064453125
0 0.228125 0.53515625 0.05625 0.06015625
0 0.132421875 0.823046875 0.048828125 0.06015625
0 0.8828125 0.559375 0.078125 0.06015625
0 0.74609375 0.558203125 0.0703125 0.06015625
0 0.75234375 0.41796875 0.069140625 0.09375
0 0.850390625 0.228125 0.074609375 0.080859375
0 0.587890625 0.16796875 0.07265625 0.08671875
0 0.647265625 0.08515625 0.074609375 0.0703125
0 0.337890625 0.13203125 0.055859375 0.0734375
0 0.398828125 0.1171875 0.079296875 0.05859375
0 0.24609375 0.2859375 0.0328125 0.08515625
0 0.123046875 0.69375 0.066015625 0.08515625
0 0.286328125 0.76484375 0.06484375 0.075
0 0.38359375 0.737890625 0.063671875 0.08203125
0 0.47265625 0.601171875 0.055078125 0.0734375
0 0.55234375 0.697265625 0.08671875 0.06015625
0 0.367578125 0.342578125 0.078125 0.077734375
0 0.48125 0.25390625 0.039453125 0.134765625
0 0.404296875 0.413671875 0.07265625 0.064453125
0 0.29609375 0.67890625 0.049609375 0.08515625
0 0.3296875 0.603515625 0.07265625 0.06015625