0 0.581640625 0.5828125 0.14453125 0.146484375
0 0.47265625 0.301171875 0.069921875 0.06875
0 0.286328125 0.333203125 0.046484375 0.071875
0 0.372265625 0.36328125 0.105078125 0.092578125
0 0.13046875 0.2328125 0.06953125 0.071484375
0 0.75546875 0.253515625 0.02265625 0.0421875
0 0.916796875 0.46171875 0.129296875 0.07890625
0 0.80859375 0.243359375 0.023046875 0.03828125
0 0.66328125 0.36171875 0.057421875 0.051953125
0 0.5421875 0.2734375 0.046484375 0.05859375
0 0.016796875 0.2421875 0.03359375 0.063671875
0 0.510546875 0.511328125 0.13828125 0.166796875
0 0.49921875 0.429296875 0.07421875 0.07109375
0 0.46171875 0.248046875 0.0328125 0.042578125
0 0.176171875 0.19765625 0.053125 0.05078125