0 0.93828125 0.89609375 0.051953125 0.078515625
0 0.232421875 0.601953125 0.040234375 0.076953125
0 0.347265625 0.564453125 0.028125 0.055859375
0 0.246484375 0.483984375 0.0359375 0.046875
0 0.505078125 0.637890625 0.0359375 0.069140625
0 0.506640625 0.58828125 0.0375 0.062109375
0 0.54453125 0.54765625 0.026953125 0.051171875
0 0.7515625 0.737890625 0.048046875 0.058984375
0 0.778515625 0.66640625 0.049609375 0.06796875
0 0.885546875 0.72109375 0.0515625 0.076953125
0 0.873828125 0.673828125 0.049609375 0.04921875
0 0.67578125 0.65546875 0.040234375 0.066015625
0 0.71953125 0.664453125 0.0375 0.05390625
0 0.7109375 0.690625 0.0375 0.044140625
0 0.6203125 0.640234375 0.03828125 0.05390625
0 0.6171875 0.6 0.039453125 0.04921875
0 0.579296875 0.57734375 0.032421875 0.03984375
0 0.58125 0.617578125 0.0296875 0.048046875
0 0.02109375 0.423828125 0.0234375 0.04296875
0 0.339453125 0.3953125 0.019921875 0.03671875
0 0.241796875 0.422265625 0.015625 0.034375
0 0.459765625 0.522265625 0.03125 0.048046875
0 0.383203125 0.50859375 0.02421875 0.055078125
0 0.113671875 0.410546875 0.026171875 0.037890625