0 0.13125 0.533203125 0.101171875 0.0703125
0 0.383203125 0.529296875 0.075 0.0515625
0 0.67890625 0.529296875 0.073828125 0.05
0 0.780859375 0.554296875 0.08203125 0.061328125
0 0.50546875 0.5390625 0.08203125 0.058984375
0 0.591015625 0.544140625 0.075390625 0.057421875
0 0.58046875 0.490234375 0.072265625 0.0421875
0 0.550390625 0.521875 0.05234375 0.043359375
0 0.41484375 0.402734375 0.06796875 0.051953125
0 0.079296875 0.396484375 0.083203125 0.053125
0 0.25703125 0.43359375 0.08125 0.048828125
0 0.275 0.401953125 0.065625 0.0421875