0 0.662890625 0.657421875 0.09375 0.1609375
0 0.1234375 0.790234375 0.053125 0.217578125
0 0.880859375 0.36875 0.090234375 0.08203125
0 0.26953125 0.2234375 0.047265625 0.038671875
0 0.40234375 0.55859375 0.065625 0.135546875
0 0.362109375 0.258984375 0.04375 0.05703125
0 0.11015625 0.259765625 0.045703125 0.055859375
0 0.3921875 0.2125 0.031640625 0.03671875
0 0.473046875 0.140625 0.028515625 0.03125
0 0.3109375 0.3890625 0.0328125 0.092578125
0 0.3359375 0.21015625 0.031640625 0.035546875
0 0.5359375 0.60234375 0.0921875 0.140234375
0 0.103515625 0.216796875 0.021875 0.033203125
0 0.065234375 0.21953125 0.02890625 0.048828125
0 0.216796875 0.297265625 0.021875 0.0625
0 0.45390625 0.2953125 0.033203125 0.055078125
0 0.650390625 0.3390625 0.02890625 0.076171875
0 0.576953125 0.263671875 0.040625 0.050390625
0 0.551171875 0.196875 0.023046875 0.03828125
0 0.5703125 0.371484375 0.0671875 0.06953125
0 0.216796875 0.21015625 0.0328125 0.035546875
0 0.28828125 0.16328125 0.017578125 0.0328125
0 0.4484375 0.2140625 0.028125 0.027734375
0 0.173046875 0.190625 0.04375 0.035546875
0 0.62109375 0.2 0.02109375 0.042578125
0 0.5890625 0.1625 0.037890625 0.046484375
0 0.51328125 0.14609375 0.01796875 0.037890625
0 0.213671875 0.16953125 0.020703125 0.02734375
0 0.525 0.262109375 0.039453125 0.0484375
0 0.17578125 0.532421875 0.081640625 0.080859375
0 0.103125 0.1828125 0.028125 0.044140625
0 0.19296875 0.224609375 0.03671875 0.03984375
0 0.17109375 0.248828125 0.057421875 0.05234375
0 0.651953125 0.140625 0.028125 0.048046875
0 0.75234375 0.29140625 0.033984375 0.076953125