0 0.270703125 0.45546875 0.025 0.0390625
0 0.362890625 0.607421875 0.029296875 0.032421875
0 0.37890625 0.65234375 0.033203125 0.035546875
0 0.404296875 0.603515625 0.026171875 0.037109375
0 0.440625 0.583984375 0.0296875 0.04296875
0 0.44140625 0.635546875 0.0296875 0.03046875
0 0.467578125 0.690234375 0.030859375 0.0453125
0 0.581640625 0.52890625 0.031640625 0.04375
0 0.52734375 0.492578125 0.0328125 0.0390625
0 0.47890625 0.495703125 0.037109375 0.0296875
0 0.490234375 0.41640625 0.01953125 0.019140625
0 0.49921875 0.35 0.023046875 0.033203125
0 0.583984375 0.332421875 0.03203125 0.048046875
0 0.60859375 0.3921875 0.0359375 0.03984375
0 0.634375 0.4453125 0.022265625 0.03046875
0 0.716015625 0.497265625 0.027734375 0.037890625
0 0.662890625 0.5078125 0.02421875 0.023046875
0 0.648046875 0.521875 0.023046875 0.034765625
0 0.620703125 0.642578125 0.023046875 0.04296875
0 0.646875 0.648046875 0.026171875 0.032421875
0 0.66015625 0.63125 0.02421875 0.037890625
0 0.74765625 0.4140625 0.034765625 0.02578125
0 0.54921875 0.405859375 0.02734375 0.037109375
0 0.483984375 0.469140625 0.031640625 0.019921875