0 0.68984375 0.15625 0.05 0.0546875
0 0.883203125 0.758203125 0.048828125 0.0515625
0 0.843359375 0.233203125 0.0453125 0.047265625
0 0.740234375 0.2921875 0.053125 0.0484375
0 0.800390625 0.71953125 0.05546875 0.056640625
0 0.25546875 0.425 0.022265625 0.08203125
0 0.16953125 0.35546875 0.0375 0.069140625
0 0.67265625 0.585546875 0.032421875 0.084765625
0 0.49765625 0.76875 0.03046875 0.095703125
0 0.187890625 0.8125 0.040625 0.091796875
0 0.169921875 0.6109375 0.0453125 0.1
0 0.396875 0.55078125 0.04921875 0.0875
0 0.4328125 0.5078125 0.041796875 0.0875
0 0.394140625 0.358203125 0.0453125 0.066796875
0 0.632421875 0.323046875 0.05546875 0.079296875
0 0.628125 0.196484375 0.067578125 0.0765625
0 0.868359375 0.34296875 0.05 0.058203125
0 0.808984375 0.620703125 0.04921875 0.077734375
0 0.8484375 0.66171875 0.04921875 0.090234375
0 0.815234375 0.797265625 0.047265625 0.0859375
0 0.916015625 0.9390625 0.067578125 0.0859375
0 0.327734375 0.3734375 0.048046875 0.0859375
0 0.117578125 0.08046875 0.05546875 0.102734375
0 0.153125 0.271484375 0.058203125 0.090234375