0 0.747265625 0.347265625 0.061328125 0.0515625
0 0.435546875 0.28125 0.055078125 0.04296875
0 0.591015625 0.3390625 0.06171875 0.0484375
0 0.81484375 0.348046875 0.05859375 0.05078125
0 0.65078125 0.3390625 0.04921875 0.0453125
0 0.89765625 0.351953125 0.055859375 0.047265625
0 0.55546875 0.291015625 0.047265625 0.040625
0 0.6328125 0.2890625 0.05 0.04375
0 0.959765625 0.351953125 0.053125 0.046875
0 0.76796875 0.328515625 0.057421875 0.03828125
0 0.6640625 0.26953125 0.048046875 0.0453125
0 0.578125 0.274609375 0.036328125 0.032421875