0 0.753125 0.38359375 0.201953125 0.180078125
0 0.8203125 0.2375 0.1328125 0.128125
0 0.124609375 0.34609375 0.15703125 0.215234375
0 0.690234375 0.16171875 0.084375 0.10078125
0 0.94921875 0.11796875 0.094921875 0.0890625
0 0.96875 0.351953125 0.0625 0.16328125
0 0.1234375 0.575390625 0.246875 0.293359375
0 0.57421875 0.621484375 0.166796875 0.26875
0 0.42578125 0.56484375 0.10703125 0.26953125
0 0.73046875 0.142578125 0.0609375 0.070703125
0 0.549609375 0.09609375 0.052734375 0.053515625
0 0.094921875 0.02890625 0.05625 0.0578125
0 0.201953125 0.030859375 0.0640625 0.03671875
0 0.219921875 0.02265625 0.05078125 0.033984375