0 0.237890625 0.7609375 0.08203125 0.08828125
0 0.515234375 0.20625 0.061328125 0.067578125
0 0.807421875 0.387109375 0.070703125 0.065234375
0 0.353515625 0.530859375 0.056640625 0.0796875
0 0.8140625 0.78828125 0.055859375 0.0796875
0 0.601953125 0.34765625 0.068359375 0.046875
0 0.53515625 0.869140625 0.037890625 0.090234375
0 0.185546875 0.537109375 0.037890625 0.075390625
0 0.9140625 0.6375 0.03125 0.08359375
0 0.561328125 0.391796875 0.05859375 0.0515625
0 0.69921875 0.43671875 0.076171875 0.05703125
0 0.394140625 0.202734375 0.066015625 0.06328125
0 0.030859375 0.449609375 0.032421875 0.08203125
0 0.708984375 0.1265625 0.041015625 0.06328125
0 0.2453125 0.4515625 0.04296875 0.058203125
0 0.612109375 0.24140625 0.078515625 0.0546875
0 0.40234375 0.25859375 0.044921875 0.069140625
0 0.1703125 0.35390625 0.050390625 0.064453125
0 0.447265625 0.2953125 0.04609375 0.06015625
0 0.1015625 0.180859375 0.06796875 0.065234375
0 0.905859375 0.45703125 0.06640625 0.06328125
0 0.795703125 0.47265625 0.0765625 0.055859375
0 0.5296875 0.275 0.067578125 0.037109375
0 0.32734375 0.631640625 0.05625 0.066796875
0 0.973046875 0.34140625 0.05390625 0.0703125
0 0.0453125 0.55234375 0.0734375 0.05
0 0.787890625 0.31796875 0.058984375 0.057421875
0 0.575390625 0.178515625 0.0203125 0.04765625
0 0.28125 0.441015625 0.044140625 0.058203125
0 0.294921875 0.387109375 0.056640625 0.062890625
0 0.87109375 0.383203125 0.04296875 0.062109375
0 0.7453125 0.258984375 0.078125 0.069140625