0 0.091015625 0.716015625 0.181640625 0.251171875
0 0.223828125 0.73515625 0.091015625 0.283984375
0 0.392578125 0.743359375 0.112890625 0.262109375
0 0.607421875 0.650390625 0.047265625 0.0984375
0 0.55078125 0.650390625 0.06171875 0.11484375
0 0.49453125 0.639453125 0.05078125 0.09296875
0 0.436328125 0.650390625 0.06171875 0.11484375
0 0.308984375 0.644921875 0.05078125 0.09296875
0 0.265625 0.644921875 0.047265625 0.09296875
0 0.808984375 0.650390625 0.07265625 0.13125
0 0.6546875 0.644921875 0.04375 0.109375
0 0.7546875 0.65859375 0.03984375 0.13671875