0 0.113671875 0.821484375 0.166015625 0.116796875
0 0.259375 0.6609375 0.037109375 0.064453125
0 0.3 0.719140625 0.044140625 0.076171875
0 0.3578125 0.7484375 0.094921875 0.076171875
0 0.45078125 0.643359375 0.037109375 0.064453125
0 0.655859375 0.730859375 0.078125 0.05859375
0 0.6796875 0.777734375 0.0984375 0.076171875
0 0.723828125 0.663671875 0.026953125 0.064453125
0 0.796484375 0.7015625 0.084765625 0.08203125
0 0.886328125 0.73671875 0.084765625 0.05859375
0 0.80859375 0.769140625 0.06796875 0.0703125
0 0.837109375 0.792578125 0.0609375 0.0703125
0 0.964453125 0.771875 0.07109375 0.0703125