0 0.038671875 0.265625 0.07734375 0.17265625
0 0.5609375 0.45078125 0.456640625 0.648046875
0 0.08359375 0.216015625 0.019140625 0.06171875
0 0.123828125 0.274609375 0.0609375 0.06171875
0 0.841015625 0.265625 0.041796875 0.04921875
0 0.319921875 0.31484375 0.07734375 0.06796875
0 0.176953125 0.290234375 0.0578125 0.05546875
0 0.30859375 0.25 0.038671875 0.05546875
0 0.269921875 0.17890625 0.02890625 0.030859375
0 0.207421875 0.157421875 0.02265625 0.018359375
0 0.24453125 0.18515625 0.016015625 0.024609375
0 0.18828125 0.25 0.070703125 0.086328125
0 0.260546875 0.25 0.048046875 0.092578125
0 0.297265625 0.18828125 0.02578125 0.043359375
0 0.35859375 0.203515625 0.02890625 0.030859375
0 0.36171875 0.240625 0.044921875 0.030859375
0 0.41640625 0.253125 0.048046875 0.1359375
0 0.368359375 0.274609375 0.0578125 0.043359375
0 0.96796875 0.25 0.03203125 0.04921875
0 0.91484375 0.246875 0.0515625 0.04921875