0 0.14765625 0.483203125 0.09609375 0.17890625
0 0.535546875 0.323828125 0.053515625 0.07265625
0 0.2171875 0.603515625 0.153125 0.340625
0 0.233203125 0.48046875 0.05703125 0.18984375
0 0.29375 0.46640625 0.0640625 0.195703125
0 0.419921875 0.53359375 0.178125 0.279296875
0 0.7828125 0.614453125 0.273828125 0.44140625
0 0.651171875 0.287890625 0.028515625 0.04453125
0 0.946484375 0.287890625 0.035546875 0.04453125
0 0.983984375 0.28203125 0.03203125 0.04453125
0 0.966015625 0.315625 0.03203125 0.055859375
0 0.553515625 0.290625 0.03203125 0.0390625
0 0.525 0.287890625 0.021484375 0.03359375
0 0.19921875 0.2765625 0.021484375 0.028125
0 0.137109375 0.290625 0.021484375 0.03359375
0 0.2296875 0.28203125 0.021484375 0.03359375
0 0.234765625 0.31015625 0.021484375 0.04453125
0 0.25078125 0.290625 0.0140625 0.03359375