0 0.05390625 0.401953125 0.030859375 0.02578125
0 0.1390625 0.391796875 0.05 0.046484375
0 0.11953125 0.41484375 0.06171875 0.0359375
0 0.181640625 0.391796875 0.046484375 0.0359375
0 0.2453125 0.409765625 0.06171875 0.02578125
0 0.34375 0.391796875 0.046484375 0.0359375
0 0.403515625 0.394140625 0.038671875 0.030859375
0 0.436328125 0.4125 0.042578125 0.02578125
0 0.4671875 0.391796875 0.038671875 0.0359375
0 0.540625 0.391796875 0.026953125 0.0359375
0 0.6640625 0.40703125 0.06171875 0.0359375
0 0.797265625 0.453515625 0.046484375 0.072265625
0 0.940234375 0.451171875 0.0734375 0.06171875
0 0.978515625 0.497265625 0.04296875 0.04140625
0 0.59453125 0.41484375 0.05390625 0.030859375
0 0.59453125 0.41484375 0.030859375 0.072265625
0 0.55 0.4921875 0.1234375 0.06171875
0 0.146875 0.605859375 0.293359375 0.298828125
0 0.6890625 0.484375 0.104296875 0.103125
0 0.5484375 0.70625 0.4828125 0.350390625
0 0.940234375 0.70859375 0.11953125 0.18046875