0 0.124609375 0.15703125 0.03359375 0.058984375
0 0.171875 0.16328125 0.036328125 0.065234375
0 0.153515625 0.1046875 0.03359375 0.0390625
0 0.183984375 0.1109375 0.039453125 0.0390625
0 0.29921875 0.09140625 0.018359375 0.0390625
0 0.3828125 0.3171875 0.02109375 0.09140625
0 0.407421875 0.1078125 0.012109375 0.045703125
0 0.460546875 0.222265625 0.036328125 0.071875
0 0.5546875 0.359375 0.045703125 0.098046875
0 0.63671875 0.34296875 0.03046875 0.08515625
0 0.571484375 0.146875 0.02734375 0.058984375
0 0.63203125 0.219140625 0.0484375 0.08515625