0 0.091796875 0.26171875 0.049609375 0.020703125
0 0.12578125 0.2875 0.049609375 0.02578125
0 0.144921875 0.298046875 0.045703125 0.02578125
0 0.139453125 0.339453125 0.076171875 0.04140625
0 0.240625 0.341796875 0.080078125 0.04140625
0 0.23671875 0.316015625 0.06484375 0.046484375
0 0.21171875 0.266796875 0.034375 0.02578125
0 0.173828125 0.258984375 0.03828125 0.02578125
0 0.62578125 0.619140625 0.248046875 0.22265625
0 0.808984375 0.4921875 0.156640625 0.2125
0 0.635546875 0.406640625 0.087890625 0.05703125
0 0.549609375 0.422265625 0.06484375 0.119140625
0 0.307421875 0.31328125 0.07265625 0.036328125
0 0.725 0.36015625 0.053515625 0.036328125
0 0.790234375 0.349609375 0.03828125 0.04140625
0 0.971484375 0.349609375 0.053515625 0.046484375
0 0.635546875 0.32109375 0.03828125 0.03125
0 0.597265625 0.323828125 0.03828125 0.03125
0 0.7421875 0.316015625 0.045703125 0.05703125
0 0.43125 0.378125 0.083984375 0.0984375
0 0.368359375 0.430078125 0.13359375 0.150390625
0 0.377734375 0.31328125 0.049609375 0.04140625