0 0.076171875 0.21640625 0.087890625 0.128515625
0 0.259375 0.21953125 0.08203125 0.121484375
0 0.077734375 0.746484375 0.08515625 0.121484375
0 0.259375 0.746484375 0.08203125 0.121484375
0 0.395703125 0.223046875 0.087890625 0.121484375
0 0.599609375 0.21953125 0.08203125 0.121484375
0 0.44140625 0.358203125 0.087890625 0.121484375
0 0.55703125 0.36484375 0.079296875 0.121484375
0 0.586328125 0.540625 0.08203125 0.121484375
0 0.420703125 0.662109375 0.087890625 0.121484375
0 0.46328125 0.80390625 0.091015625 0.121484375
0 0.591015625 0.763671875 0.079296875 0.121484375
0 0.741796875 0.209375 0.087890625 0.128515625
0 0.7375 0.361328125 0.087890625 0.121484375
0 0.8578125 0.276953125 0.079296875 0.128515625
0 0.93984375 0.20625 0.08203125 0.128515625
0 0.82109375 0.4359375 0.087890625 0.128515625
0 0.733203125 0.53359375 0.087890625 0.128515625
0 0.9265625 0.422265625 0.076171875 0.121484375
0 0.731640625 0.69921875 0.087890625 0.121484375
0 0.863671875 0.67578125 0.08203125 0.121484375
0 0.93984375 0.641796875 0.08203125 0.121484375
0 0.793359375 0.817578125 0.091015625 0.121484375
0 0.93828125 0.80390625 0.08203125 0.128515625