0 0.040234375 0.644140625 0.07421875 0.0921875
0 0.183984375 0.647265625 0.07109375 0.0921875
0 0.216015625 0.650390625 0.061328125 0.0859375
0 0.262890625 0.647265625 0.061328125 0.0859375
0 0.42421875 0.650390625 0.08046875 0.0859375
0 0.732421875 0.647265625 0.058203125 0.0859375
0 0.82578125 0.650390625 0.07734375 0.0921875
0 0.911328125 0.647265625 0.07109375 0.0796875
0 0.966015625 0.650390625 0.058203125 0.0859375
0 0.532421875 0.650390625 0.07734375 0.0859375
0 0.585546875 0.650390625 0.0515625 0.0921875