0 0.330859375 0.83046875 0.476953125 0.3390625
0 0.868359375 0.708203125 0.234765625 0.316796875
0 0.887890625 0.4390625 0.042578125 0.0890625
0 0.74375 0.397265625 0.060546875 0.077734375
0 0.55703125 0.516796875 0.074609375 0.10546875
0 0.653125 0.58046875 0.05 0.1390625
0 0.425390625 0.6359375 0.0640625 0.166796875
0 0.3203125 0.552734375 0.05703125 0.1109375
0 0.2953125 0.53046875 0.05 0.10546875
0 0.387890625 0.4890625 0.05 0.10546875
0 0.816796875 0.5 0.042578125 0.083203125
0 0.8328125 0.377734375 0.025 0.05546875
0 0.44140625 0.475 0.035546875 0.04453125
0 0.48203125 0.527734375 0.035546875 0.122265625
0 0.437890625 0.55546875 0.092578125 0.127734375
0 0.658203125 0.50546875 0.103125 0.133203125