0 0.42578125 0.61484375 0.3078125 0.24609375
0 0.18125 0.4125 0.25 0.23515625
0 0.724609375 0.376953125 0.19921875 0.1859375
0 0.84765625 0.3359375 0.076171875 0.15859375
0 0.793359375 0.21875 0.090625 0.08203125
0 0.6484375 0.240625 0.1125 0.09296875
0 0.5 0.19140625 0.05078125 0.07109375
0 0.32421875 0.243359375 0.090625 0.13125
0 0.373046875 0.13671875 0.054296875 0.0765625
0 0.434765625 0.15859375 0.03984375 0.06015625
0 0.867578125 0.210546875 0.083203125 0.0765625
0 0.1703125 0.112109375 0.0578125 0.04921875
0 0.63046875 0.133984375 0.054296875 0.06015625
0 0.706640625 0.19140625 0.0796875 0.07109375
0 0.132421875 0.155859375 0.0796875 0.065625
0 0.094140625 0.177734375 0.05078125 0.0984375
0 0.969140625 0.196875 0.03984375 0.06015625
0 0.987109375 0.216015625 0.02578125 0.04921875
0 0.014453125 0.13671875 0.02890625 0.07109375
0 0.583203125 0.13671875 0.025390625 0.04921875
0 0.094140625 0.109375 0.03984375 0.04921875
0 0.047265625 0.10390625 0.05078125 0.04921875