0 0.153125 0.712890625 0.061328125 0.17890625
0 0.67109375 0.648046875 0.083984375 0.080078125
0 0.238671875 0.666796875 0.064453125 0.07421875
0 0.285546875 0.644921875 0.0546875 0.098828125
0 0.57734375 0.70078125 0.058203125 0.19140625
0 0.42578125 0.648046875 0.07421875 0.086328125
0 0.516015625 0.592578125 0.08046875 0.06796875
0 0.52890625 0.660546875 0.038671875 0.086328125
0 0.483984375 0.725390625 0.08046875 0.228515625
0 0.77734375 0.6265625 0.07734375 0.160546875
0 0.7984375 0.586328125 0.064453125 0.18515625
0 0.903125 0.595703125 0.141796875 0.18515625
0 0.9484375 0.654296875 0.103125 0.209765625