0 0.7 0.79765625 0.10234375 0.115625
0 0.915625 0.648828125 0.048828125 0.0890625
0 0.619921875 0.69765625 0.035546875 0.053515625
0 0.537890625 0.8109375 0.062109375 0.115625
0 0.18671875 0.86015625 0.062109375 0.07109375
0 0.2734375 0.83125 0.062109375 0.066796875
0 0.33984375 0.8421875 0.062109375 0.075390625
0 0.715625 0.66015625 0.035546875 0.062109375
0 0.59765625 0.76875 0.03984375 0.084375
0 0.515625 0.73984375 0.03125 0.0578125
0 0.4421875 0.78203125 0.035546875 0.080078125
0 0.875390625 0.604296875 0.0265625 0.04453125
0 0.484375 0.77109375 0.03984375 0.080078125