0 0.434375 0.42578125 0.092578125 0.623828125
0 0.8546875 0.494921875 0.23203125 0.703125
0 0.63828125 0.524609375 0.18359375 0.60390625
0 0.0828125 0.242578125 0.096875 0.3265625
0 0.280078125 0.227734375 0.092578125 0.257421875
0 0.3578125 0.242578125 0.08671875 0.257421875
0 0.526171875 0.35625 0.11484375 0.435546875
0 0.1390625 0.2078125 0.054296875 0.2671875
0 0.6078125 0.203125 0.05859375 0.138671875
0 0.746875 0.168359375 0.04453125 0.108984375
0 0.662109375 0.178125 0.05234375 0.0890625
0 0.628125 0.11875 0.0421875 0.069140625
0 0.5140625 0.123828125 0.054296875 0.079296875
0 0.5796875 0.12890625 0.01796875 0.0890625