0 0.19765625 0.707421875 0.07265625 0.034765625
0 0.386328125 0.73359375 0.091015625 0.048046875
0 0.3 0.68984375 0.0546875 0.034765625
0 0.391015625 0.67265625 0.036328125 0.03046875
0 0.3546875 0.63984375 0.031640625 0.03046875
0 0.2796875 0.635546875 0.041015625 0.03046875
0 0.12265625 0.641796875 0.0453125 0.034765625
0 0.456640625 0.655078125 0.02265625 0.03046875
0 0.5046875 0.68125 0.0453125 0.034765625
0 0.563671875 0.65078125 0.05 0.03046875
0 0.616015625 0.65078125 0.036328125 0.026171875
0 0.711328125 0.641796875 0.0453125 0.03046875
0 0.606640625 0.716015625 0.081640625 0.048046875
0 0.74765625 0.674609375 0.081640625 0.034765625