0 0.47578125 0.773046875 0.361328125 0.45390625
0 0.47578125 0.551953125 0.183984375 0.190234375
0 0.409765625 0.4078125 0.1453125 0.29453125
0 0.52734375 0.319140625 0.07734375 0.183984375
0 0.293359375 0.358984375 0.061328125 0.159375
0 0.216015625 0.405078125 0.07421875 0.0921875
0 0.67890625 0.325 0.064453125 0.067578125
0 0.216015625 0.306640625 0.035546875 0.04296875
0 0.737109375 0.276171875 0.07109375 0.055078125
0 0.641796875 0.2546875 0.035546875 0.04921875
0 0.814453125 0.273046875 0.0515625 0.04921875
0 0.13046875 0.38046875 0.1 0.12265625
0 0.88046875 0.260546875 0.035546875 0.03671875
0 0.343359375 0.269921875 0.041796875 0.04921875