0 0.3953125 0.570703125 0.17109375 0.28828125
0 0.259765625 0.561328125 0.061328125 0.12265625
0 0.208203125 0.49375 0.07421875 0.0734375
0 0.138671875 0.509375 0.038671875 0.0859375
0 0.07734375 0.4109375 0.07109375 0.055078125
0 0.4984375 0.61953125 0.090234375 0.171875
0 0.558203125 0.530859375 0.0484375 0.110546875
0 0.659765625 0.558203125 0.12890625 0.269921875
0 0.488671875 0.46015625 0.116015625 0.159375
0 0.72421875 0.5 0.132421875 0.177734375
0 0.92265625 0.607421875 0.087109375 0.0921875
0 0.811328125 0.53671875 0.0546875 0.0796875