0 0.88046875 0.559375 0.084765625 0.0515625
0 0.916796875 0.43046875 0.08125 0.0671875
0 0.858984375 0.229296875 0.06953125 0.09296875
0 0.75078125 0.417578125 0.06171875 0.072265625
0 0.7453125 0.554296875 0.065625 0.0515625
0 0.64296875 0.0953125 0.08125 0.0671875
0 0.583203125 0.169921875 0.06953125 0.0671875
0 0.473046875 0.255078125 0.046484375 0.108203125
0 0.476953125 0.600390625 0.0578125 0.072265625
0 0.55 0.690625 0.07734375 0.0359375
0 0.382421875 0.73984375 0.05 0.072265625
0 0.2453125 0.29140625 0.034765625 0.082421875
0 0.366796875 0.3453125 0.0734375 0.056640625
0 0.4015625 0.4125 0.06953125 0.056640625
0 0.337890625 0.51796875 0.06953125 0.06171875
0 0.33203125 0.600390625 0.0734375 0.046484375
0 0.22578125 0.538671875 0.0578125 0.072265625
0 0.301171875 0.68046875 0.05 0.098046875
0 0.280078125 0.7578125 0.0734375 0.0671875
0 0.13515625 0.824609375 0.0578125 0.0671875
0 0.4015625 0.123828125 0.0734375 0.04140625
0 0.33984375 0.126171875 0.05 0.072265625
0 0.13125 0.6984375 0.046484375 0.0515625