0 0.262890625 0.72421875 0.096875 0.178125
0 0.124609375 0.61796875 0.083203125 0.120703125
0 0.34765625 0.594921875 0.062109375 0.086328125
0 0.562109375 0.6609375 0.065625 0.13203125
0 0.7890625 0.726953125 0.1140625 0.1609375
0 0.8875 0.583203125 0.086328125 0.06328125
0 0.754296875 0.583203125 0.034765625 0.06328125
0 0.648828125 0.569140625 0.03125 0.06328125
0 0.515625 0.58046875 0.05546875 0.069140625
0 0.4046875 0.5515625 0.0484375 0.0515625
0 0.25078125 0.566015625 0.069140625 0.069140625
0 0.164453125 0.557421875 0.058984375 0.074609375
0 0.462109375 0.56328125 0.03125 0.0515625
0 0.730078125 0.534375 0.03125 0.040234375
0 0.7890625 0.5375 0.034765625 0.040234375
0 0.868359375 0.531640625 0.034765625 0.040234375