0 0.37109375 0.462109375 0.34609375 0.38359375
0 0.707421875 0.478125 0.11328125 0.087890625
0 0.85859375 0.62578125 0.14453125 0.283203125
0 0.587890625 0.5125 0.10078125 0.11328125
0 0.966796875 0.62890625 0.066015625 0.182421875
0 0.699609375 0.933984375 0.198046875 0.13203125
0 0.443359375 0.933984375 0.298828125 0.13203125
0 0.965234375 0.88984375 0.069140625 0.2203125
0 0.199609375 0.839453125 0.39921875 0.320703125
0 0.20546875 0.90859375 0.2296875 0.1828125
0 0.331640625 0.830078125 0.179296875 0.157421875
0 0.5390625 0.845703125 0.1765625 0.30859375
0 0.591015625 0.62890625 0.2765625 0.2203125