0 0.5109375 0.59296875 0.218359375 0.666796875
0 0.16015625 0.5328125 0.31640625 0.513671875
0 0.369140625 0.48359375 0.1453125 0.453515625
0 0.821875 0.4890625 0.098046875 0.437109375
0 0.703515625 0.48359375 0.1890625 0.464453125
0 0.341796875 0.5 0.141796875 0.480859375
0 0.7890625 0.15859375 0.03984375 0.0765625
0 0.536328125 0.14765625 0.05078125 0.0546875
0 0.436328125 0.14765625 0.04375 0.0546875
0 0.352734375 0.2078125 0.047265625 0.0875
0 0.24921875 0.1640625 0.065625 0.0765625
0 0.6546875 0.1421875 0.02890625 0.04375
0 0.374609375 0.1421875 0.03984375 0.04921875
0 0.585546875 0.139453125 0.036328125 0.04921875
0 0.876171875 0.256640625 0.09453125 0.1421875
0 0.948828125 0.477734375 0.10234375 0.49140625
0 0.034375 0.194140625 0.047265625 0.0984375
0 0.03828125 0.26484375 0.076171875 0.04921875
0 0.198046875 0.267578125 0.112890625 0.11484375
0 0.71640625 0.226953125 0.069140625 0.07109375
0 0.970703125 0.226953125 0.05859375 0.08203125
0 0.636328125 0.26484375 0.091015625 0.14765625
0 0.781640625 0.232421875 0.06171875 0.0765625
0 0.034375 0.153125 0.06875 0.065625
0 0.174609375 0.177734375 0.03984375 0.0984375
0 0.201953125 0.166796875 0.0328125 0.065625
0 0.287109375 0.398828125 0.076171875 0.1859375
0 0.56015625 0.232421875 0.06171875 0.065625