0 0.392578125 0.675 0.178125 0.262109375
0 0.221875 0.59296875 0.134375 0.2078125
0 0.54375 0.53828125 0.130859375 0.1203125
0 0.534375 0.464453125 0.08359375 0.07109375
0 0.698046875 0.70234375 0.4 0.376953125
0 0.907421875 0.480859375 0.047265625 0.06015625
0 0.7890625 0.4453125 0.080078125 0.0546875
0 0.81640625 0.37421875 0.076171875 0.065625
0 0.103515625 0.42890625 0.036328125 0.03828125
0 0.3328125 0.409765625 0.03984375 0.03828125
0 0.591015625 0.393359375 0.025390625 0.0765625
0 0.723828125 0.409765625 0.058203125 0.04921875
0 0.51640625 0.404296875 0.04375 0.04375
0 0.412890625 0.4125 0.0546875 0.0546875
0 0.47109375 0.393359375 0.05078125 0.0328125