0 0.798828125 0.699609375 0.159375 0.240625
0 0.909375 0.491796875 0.09765625 0.1421875
0 0.603125 0.448046875 0.05078125 0.0765625
0 0.3625 0.434375 0.05078125 0.07109375
0 0.1484375 0.639453125 0.126953125 0.23515625
0 0.157421875 0.469921875 0.06875 0.08203125
0 0.087109375 0.434375 0.076171875 0.08203125
0 0.42578125 0.442578125 0.021875 0.065625
0 0.030859375 0.4671875 0.06171875 0.08203125
0 0.657421875 0.46171875 0.03984375 0.09296875
0 0.68671875 0.47265625 0.054296875 0.09296875
0 0.224609375 0.390625 0.021875 0.021875