0 0.552734375 0.800390625 0.130859375 0.13125
0 0.163671875 0.73515625 0.058203125 0.0546875
0 0.076171875 0.732421875 0.06171875 0.06015625
0 0.021875 0.748828125 0.0328125 0.0546875
0 0.696484375 0.751171875 0.04375 0.08203125
0 0.72890625 0.726953125 0.02890625 0.06015625
0 0.87109375 0.71328125 0.04375 0.0328125
0 0.94921875 0.710546875 0.025390625 0.03828125
0 0.92890625 0.68046875 0.02890625 0.0328125
0 0.523828125 0.705078125 0.0328125 0.04921875
0 0.2671875 0.70234375 0.05078125 0.04375
0 0.63984375 0.688671875 0.0328125 0.03828125
0 0.47109375 0.694140625 0.036328125 0.0328125