0 0.033203125 0.5421875 0.06640625 0.1109375
0 0.51328125 0.575390625 0.075390625 0.07109375
0 0.75546875 0.580078125 0.0265625 0.062109375
0 0.622265625 0.577734375 0.066796875 0.062109375
0 0.26015625 0.5578125 0.053515625 0.07109375
0 0.8734375 0.584375 0.04453125 0.07109375
0 0.91796875 0.595703125 0.035546875 0.075390625
0 0.793359375 0.577734375 0.03125 0.04453125
0 0.98671875 0.595703125 0.0265625 0.053515625
0 0.4421875 0.56015625 0.035546875 0.075390625
0 0.377734375 0.562109375 0.09765625 0.066796875
0 0.3109375 0.55546875 0.035546875 0.080078125