0 0.803125 0.578125 0.322265625 0.076171875
0 0.75390625 0.434375 0.109375 0.0546875
0 0.346875 0.536328125 0.251171875 0.09453125
0 0.166796875 0.523828125 0.109375 0.080078125
0 0.325 0.436328125 0.0984375 0.03984375
0 0.57109375 0.514453125 0.09296875 0.08359375
0 0.478125 0.458203125 0.09296875 0.0546875
0 0.4125 0.4328125 0.04921875 0.036328125
0 0.065625 0.447265625 0.10390625 0.047265625
0 0.267578125 0.469140625 0.08203125 0.02890625
0 0.344140625 0.47265625 0.11484375 0.036328125
0 0.90703125 0.42890625 0.0546875 0.04375