0 0.149609375 0.748046875 0.04609375 0.10859375
0 0.516796875 0.844921875 0.1125 0.271484375
0 0.597265625 0.763671875 0.04609375 0.170703125
0 0.766015625 0.68984375 0.03828125 0.08515625
0 0.410546875 0.69375 0.043359375 0.10078125
0 0.266015625 0.736328125 0.030859375 0.11640625
0 0.82734375 0.6859375 0.030859375 0.08515625
0 0.043359375 0.728515625 0.028125 0.12421875
0 0.7953125 0.62421875 0.0203125 0.054296875
0 0.185546875 0.6859375 0.0203125 0.062109375
0 0.209765625 0.678125 0.01796875 0.054296875
0 0.547265625 0.647265625 0.0203125 0.062109375