0 0.5046875 0.55234375 0.03203125 0.06171875
0 0.3875 0.55234375 0.08984375 0.06796875
0 0.295703125 0.580078125 0.048046875 0.07421875
0 0.591796875 0.583203125 0.0515625 0.1234375
0 0.708984375 0.592578125 0.073828125 0.141796875
0 0.956640625 0.56796875 0.0515625 0.1296875
0 0.873046875 0.57421875 0.08984375 0.1171875
0 0.64296875 0.57734375 0.067578125 0.105078125
0 0.094921875 0.56484375 0.099609375 0.06171875
0 0.184765625 0.530859375 0.041796875 0.037109375
0 0.225 0.527734375 0.03203125 0.037109375