0 0.797265625 0.744921875 0.065625 0.1390625
0 0.66015625 0.5671875 0.06953125 0.0875
0 0.538671875 0.850390625 0.169921875 0.247265625
0 0.268359375 0.603125 0.05390625 0.06171875
0 0.370703125 0.6546875 0.07734375 0.07734375
0 0.125390625 0.61875 0.042578125 0.072265625
0 0.067578125 0.659765625 0.042578125 0.082421875
0 0.19296875 0.564453125 0.05390625 0.108203125
0 0.509765625 0.512890625 0.06953125 0.06171875
0 0.370703125 0.505078125 0.0578125 0.056640625
0 0.5171875 0.580078125 0.065625 0.06171875
0 0.752734375 0.487109375 0.046484375 0.07734375
0 0.579296875 0.598046875 0.05 0.072265625