0 0.836328125 0.606640625 0.108984375 0.1421875
0 0.623828125 0.590234375 0.192578125 0.153125
0 0.091015625 0.513671875 0.181640625 0.21875
0 0.918359375 0.51640625 0.065625 0.07109375
0 0.423828125 0.53828125 0.141796875 0.14765625
0 0.258203125 0.464453125 0.058203125 0.0546875
0 0.72734375 0.497265625 0.021875 0.065625
0 0.6328125 0.491796875 0.076171875 0.065625
0 0.15625 0.398828125 0.04375 0.04921875
0 0.774609375 0.502734375 0.058203125 0.0546875
0 0.819921875 0.497265625 0.05078125 0.04375
0 0.514453125 0.46171875 0.058203125 0.02734375
0 0.207421875 0.546484375 0.087109375 0.153125