0 0.20859375 0.778125 0.1578125 0.246484375
0 0.397265625 0.80625 0.14921875 0.253515625
0 0.6875 0.81328125 0.197265625 0.239453125
0 0.55078125 0.61953125 0.0984375 0.0984375
0 0.344921875 0.6515625 0.081640625 0.162109375
0 0.211328125 0.59140625 0.07890625 0.11953125
0 0.590234375 0.7640625 0.13515625 0.309765625
0 0.8421875 0.75 0.084375 0.204296875
0 0.973046875 0.633984375 0.048046875 0.1125
0 0.276171875 0.54921875 0.05078125 0.07734375
0 0.026953125 0.531640625 0.044921875 0.084375
0 0.015625 0.61953125 0.030859375 0.10546875
0 0.795703125 0.61953125 0.09296875 0.10546875
0 0.125390625 0.5984375 0.067578125 0.126953125