0 0.16015625 0.745703125 0.059765625 0.062109375
0 0.29765625 0.74296875 0.05625 0.0453125
0 0.39453125 0.7203125 0.028125 0.033984375
0 0.42265625 0.737109375 0.04921875 0.028125
0 0.427734375 0.71484375 0.031640625 0.039453125
0 0.47890625 0.7203125 0.038671875 0.039453125
0 0.491015625 0.7484375 0.031640625 0.028125
0 0.5140625 0.731640625 0.045703125 0.033984375
0 0.59140625 0.7203125 0.045703125 0.039453125
0 0.642578125 0.740234375 0.052734375 0.033984375
0 0.760546875 0.734375 0.0421875 0.056640625
0 0.81328125 0.7484375 0.073828125 0.05078125
0 0.891015625 0.7203125 0.045703125 0.033984375