0 0.25546875 0.322265625 0.137890625 0.09765625
0 0.422265625 0.322265625 0.16015625 0.080078125
0 0.5890625 0.322265625 0.1421875 0.080078125
0 0.748828125 0.322265625 0.146484375 0.075390625
0 0.251171875 0.435546875 0.137890625 0.075390625
0 0.422265625 0.435546875 0.133203125 0.080078125
0 0.58671875 0.437890625 0.1421875 0.0890625
0 0.746484375 0.435546875 0.133203125 0.075390625
0 0.253515625 0.5578125 0.1421875 0.10234375
0 0.419921875 0.5578125 0.151171875 0.0890625
0 0.58671875 0.5578125 0.137890625 0.084375
0 0.753515625 0.55546875 0.12890625 0.075390625
0 0.246484375 0.6734375 0.12890625 0.066796875
0 0.419921875 0.6734375 0.124609375 0.075390625
0 0.5890625 0.6734375 0.133203125 0.084375
0 0.748828125 0.675390625 0.075390625 0.09765625