0 0.5953125 0.431640625 0.1109375 0.115234375
0 0.833984375 0.723046875 0.262109375 0.275390625
0 0.103125 0.759765625 0.12578125 0.272265625
0 0.64375 0.184375 0.0515625 0.064453125
0 0.75078125 0.5640625 0.155078125 0.2171875
0 0.660546875 0.342578125 0.109375 0.111328125
0 0.64140625 0.1171875 0.023046875 0.041015625
0 0.6890625 0.1640625 0.036328125 0.053125
0 0.771484375 0.269921875 0.06015625 0.0734375
0 0.94296875 0.2375 0.08046875 0.06953125
0 0.90703125 0.286328125 0.097265625 0.093359375
0 0.873046875 0.2359375 0.066796875 0.062109375
0 0.8546875 0.307421875 0.083203125 0.098828125
0 0.605859375 0.37421875 0.1171875 0.09375
0 0.2234375 0.171484375 0.022265625 0.0609375
0 0.26015625 0.271875 0.04375 0.09453125
0 0.260546875 0.11640625 0.021484375 0.04140625
0 0.59609375 0.180078125 0.016796875 0.0484375
0 0.42734375 0.29453125 0.029296875 0.088671875
0 0.13828125 0.5546875 0.076953125 0.197265625
0 0.13828125 0.680859375 0.098046875 0.088671875
0 0.19765625 0.533203125 0.079296875 0.19453125
0 0.226953125 0.4234375 0.046484375 0.1171875
0 0.257421875 0.491015625 0.045703125 0.16171875
0 0.2875 0.519921875 0.05703125 0.17578125
0 0.330859375 0.527734375 0.06328125 0.16015625
0 0.30546875 0.415234375 0.053515625 0.090234375
0 0.351171875 0.419140625 0.052734375 0.131640625
0 0.411328125 0.654296875 0.070703125 0.15
0 0.402734375 0.5484375 0.091015625 0.17578125
0 0.41328125 0.43046875 0.066015625 0.140234375
0 0.762890625 0.790625 0.09375 0.205859375
0 0.761328125 0.474609375 0.054296875 0.0859375
0 0.755078125 0.421875 0.058203125 0.09140625
0 0.53046875 0.55625 0.123046875 0.171484375
0 0.576171875 0.621484375 0.077734375 0.224609375
0 0.653125 0.637109375 0.11171875 0.27890625
0 0.662109375 0.2765625 0.045703125 0.061328125
0 0.612109375 0.291796875 0.045703125 0.065625
0 0.5625 0.26875 0.04296875 0.05703125
0 0.499609375 0.256640625 0.034765625 0.061328125
0 0.49375 0.358984375 0.04453125 0.114453125
0 0.45390625 0.36171875 0.05078125 0.103125
0 0.508203125 0.348046875 0.0875 0.104296875
0 0.473046875 0.45625 0.101953125 0.14296875
0 0.54296875 0.317578125 0.04296875 0.09140625
0 0.57734375 0.31015625 0.066796875 0.071484375