0 0.501953125 0.201171875 0.0734375 0.065625
0 0.176953125 0.030078125 0.01953125 0.056640625
0 0.546875 0.158203125 0.059375 0.084765625
0 0.639453125 0.10390625 0.0609375 0.055859375
0 0.285546875 0.123046875 0.033984375 0.073828125
0 0.6984375 0.33828125 0.0546875 0.083203125
0 0.712109375 0.291796875 0.058203125 0.056640625
0 0.62421875 0.487890625 0.06328125 0.10546875
0 0.629296875 0.749609375 0.037109375 0.151171875
0 0.4546875 0.1421875 0.03125 0.08828125
0 0.855859375 0.694921875 0.07578125 0.102734375
0 0.945703125 0.141796875 0.074609375 0.06328125
0 0.78671875 0.55078125 0.058984375 0.108984375
0 0.9734375 0.85703125 0.052734375 0.091796875
0 0.93984375 0.021484375 0.021875 0.04296875
0 0.515234375 0.283203125 0.05703125 0.06484375
0 0.78515625 0.231640625 0.033203125 0.11171875
0 0.550390625 0.51640625 0.038671875 0.118359375
0 0.698046875 0.55703125 0.032421875 0.121484375
0 0.44609375 0.0640625 0.04296875 0.058984375
0 0.503125 0.82421875 0.04765625 0.142578125
0 0.338671875 0.47265625 0.026171875 0.0828125
0 0.454296875 0.228125 0.027734375 0.07890625
0 0.939453125 0.336328125 0.028515625 0.11171875
0 0.61015625 0.165625 0.026953125 0.0890625
0 0.45703125 0.016796875 0.0171875 0.033203125
0 0.666796875 0.3828125 0.036328125 0.080859375
0 0.1328125 0.44296875 0.049609375 0.140625
0 0.75546875 0.079296875 0.03203125 0.08125
0 0.36015625 0.09296875 0.036328125 0.0703125
0 0.187890625 0.087890625 0.03203125 0.045703125
0 0.63203125 0.336328125 0.03359375 0.1453125
0 0.419140625 0.641015625 0.03828125 0.154296875
0 0.58125 0.022265625 0.0203125 0.04453125
0 0.66796875 0.0578125 0.02734375 0.05625
0 0.786328125 0.046875 0.02578125 0.05625
0 0.89765625 0.0546875 0.025390625 0.0796875
0 0.657421875 0.22109375 0.0625 0.083203125
0 0.372265625 0.137109375 0.030078125 0.086328125
0 0.340234375 0.290625 0.02109375 0.07578125
0 0.1015625 0.258203125 0.0359375 0.10625
0 0.4109375 0.132421875 0.01875 0.051171875
0 0.717578125 0.835546875 0.054296875 0.137109375
0 0.573046875 0.739453125 0.05703125 0.18984375
0 0.66953125 0.63125 0.058984375 0.13984375
0 0.871484375 0.24921875 0.048046875 0.130078125
0 0.98125 0.162109375 0.0375 0.087109375
0 0.987890625 0.38359375 0.02421875 0.112890625
0 0.69296875 0.05859375 0.033984375 0.097265625
0 0.480078125 0.390625 0.04921875 0.138671875
0 0.393359375 0.4828125 0.040234375 0.134375
0 0.281640625 0.619140625 0.041796875 0.15859375
0 0.164453125 0.54375 0.041015625 0.15
0 0.21328125 0.61484375 0.03203125 0.14140625
0 0.234375 0.654296875 0.054296875 0.165625
0 0.32109375 0.7015625 0.052734375 0.15703125
0 0.358203125 0.8171875 0.041015625 0.1515625
0 0.36875 0.60625 0.04453125 0.161328125
0 0.302734375 0.476953125 0.04453125 0.128515625
0 0.253515625 0.452734375 0.039453125 0.097265625
0 0.265625 0.503515625 0.040234375 0.135546875
0 0.221875 0.389453125 0.058203125 0.11875
0 0.172265625 0.355078125 0.051953125 0.10703125
0 0.253125 0.276953125 0.03828125 0.114453125
0 0.29609375 0.280078125 0.034765625 0.097265625
0 0.273828125 0.39296875 0.02578125 0.094140625
0 0.302734375 0.375 0.028515625 0.104296875
0 0.323828125 0.362109375 0.02421875 0.112890625
0 0.37109375 0.405859375 0.047265625 0.137109375
0 0.18828125 0.236328125 0.0375 0.08984375
0 0.211328125 0.31484375 0.034765625 0.130078125
0 0.225390625 0.195703125 0.02421875 0.105859375
0 0.208203125 0.169921875 0.035546875 0.114453125
0 0.17421875 0.137890625 0.039453125 0.11015625
0 0.231640625 0.0453125 0.02890625 0.090625
0 0.255078125 0.051953125 0.033203125 0.0671875
0 0.85 0.088671875 0.039453125 0.094140625
0 0.909765625 0.180078125 0.03046875 0.097265625
0 0.753125 0.428515625 0.04375 0.123046875
0 0.33203125 0.085546875 0.03046875 0.09140625
0 0.39296875 0.19296875 0.033984375 0.094140625