0 0.9046875 0.18515625 0.04296875 0.05234375
0 0.478515625 0.75859375 0.153125 0.13828125
0 0.3359375 0.808203125 0.146875 0.18515625
0 0.498828125 0.637109375 0.1421875 0.120703125
0 0.21953125 0.556640625 0.097265625 0.13515625
0 0.938671875 0.600390625 0.11015625 0.12890625
0 0.3984375 0.674609375 0.11796875 0.105078125
0 0.8484375 0.183203125 0.036328125 0.042578125
0 0.855078125 0.800390625 0.1265625 0.190625
0 0.84765625 0.55703125 0.07578125 0.120703125
0 0.0875 0.630859375 0.1125 0.15625
0 0.609375 0.85625 0.146484375 0.09375
0 0.666015625 0.22890625 0.07265625 0.064453125
0 0.673828125 0.79140625 0.116015625 0.158984375
0 0.7359375 0.259765625 0.05703125 0.065625
0 0.969921875 0.68046875 0.06015625 0.144921875
0 0.564453125 0.533203125 0.095703125 0.109375
0 0.808984375 0.673828125 0.12265625 0.12890625
0 0.815625 0.178515625 0.03125 0.041015625
0 0.765234375 0.601171875 0.132421875 0.116796875
0 0.778515625 0.362890625 0.058203125 0.08515625
0 0.83046875 0.233984375 0.056640625 0.053125
0 0.325390625 0.614453125 0.122265625 0.10625
0 0.449609375 0.29765625 0.048828125 0.06640625
0 0.73203125 0.73125 0.133203125 0.14296875
0 0.8375 0.1515625 0.0359375 0.04140625
0 0.822265625 0.303125 0.028125 0.072265625
0 0.228515625 0.44375 0.036328125 0.084765625
0 0.211328125 0.2515625 0.021484375 0.055859375
0 0.606640625 0.247265625 0.026171875 0.05
0 0.78515625 0.283203125 0.022265625 0.06015625
0 0.68203125 0.14921875 0.025390625 0.037890625
0 0.555078125 0.384765625 0.072265625 0.06171875
0 0.553515625 0.250390625 0.044921875 0.059375
0 0.451171875 0.477734375 0.096875 0.10078125
0 0.4296875 0.050390625 0.01796875 0.02109375
0 0.588671875 0.108203125 0.046484375 0.033984375
0 0.76640625 0.14921875 0.02734375 0.0453125
0 0.741015625 0.10546875 0.023828125 0.028125
0 0.23828125 0.2390625 0.025 0.0546875
0 0.273046875 0.484375 0.032421875 0.107421875
0 0.96484375 0.19765625 0.04765625 0.058984375
0 0.59609375 0.1734375 0.04765625 0.04296875
0 0.488671875 0.527734375 0.04921875 0.11875
0 0.644140625 0.144921875 0.0234375 0.028515625
0 0.6328125 0.09375 0.025390625 0.026953125
0 0.34609375 0.54921875 0.05546875 0.080078125
0 0.17734375 0.228125 0.021875 0.053125
0 0.500390625 0.35234375 0.058984375 0.0734375
0 0.40703125 0.450390625 0.1015625 0.09296875
0 0.130078125 0.51640625 0.058984375 0.127734375
0 0.87109375 0.237109375 0.040234375 0.057421875
0 0.68046875 0.603125 0.073046875 0.07890625
0 0.293359375 0.43515625 0.040625 0.094140625
0 0.541796875 0.441796875 0.077734375 0.105078125
0 0.342578125 0.287109375 0.028125 0.055078125
0 0.1734375 0.36328125 0.033203125 0.102734375
0 0.296484375 0.151953125 0.044921875 0.039453125
0 0.645703125 0.730078125 0.1375 0.12734375
0 0.520703125 0.0859375 0.026953125 0.023046875
0 0.498046875 0.838671875 0.09296875 0.12578125
0 0.332421875 0.43515625 0.03828125 0.1015625
0 0.358203125 0.488671875 0.05 0.094140625
0 0.408203125 0.413671875 0.103515625 0.05859375
0 0.387890625 0.359375 0.040234375 0.073046875
0 0.41796875 0.34921875 0.06953125 0.0671875
0 0.354296875 0.35 0.04453125 0.076953125
0 0.31875 0.337109375 0.046484375 0.097265625
0 0.269921875 0.34140625 0.041796875 0.088671875
0 0.205078125 0.33359375 0.065234375 0.078515625
0 0.238671875 0.35625 0.03828125 0.0671875
0 0.27109375 0.247265625 0.022265625 0.071484375
0 0.297265625 0.27578125 0.041015625 0.0515625
0 0.344140625 0.28515625 0.029296875 0.05859375
0 0.70078125 0.262109375 0.048046875 0.0671875
0 0.559375 0.3265625 0.072265625 0.08125
0 0.58125 0.344140625 0.039453125 0.080078125
0 0.525390625 0.34140625 0.052734375 0.04296875
0 0.502734375 0.3 0.051953125 0.0484375
0 0.54921875 0.240625 0.058984375 0.073046875
0 0.248828125 0.16796875 0.01875 0.0328125
0 0.643359375 0.68359375 0.14375 0.115625