0 0.623828125 0.32265625 0.034375 0.063671875
0 0.129296875 0.472265625 0.03515625 0.06875
0 0.36328125 0.411328125 0.037109375 0.072265625
0 0.153515625 0.30625 0.023046875 0.060546875
0 0.3359375 0.498828125 0.03984375 0.072265625
0 0.15546875 0.609375 0.030078125 0.08984375
0 0.173828125 0.5453125 0.03359375 0.06875
0 0.722265625 0.44921875 0.030078125 0.064453125
0 0.43515625 0.607421875 0.02109375 0.0671875
0 0.180078125 0.625 0.0265625 0.074609375
0 0.3921875 0.797265625 0.036328125 0.069140625
0 0.387890625 0.616015625 0.041796875 0.074609375
0 0.481640625 0.705859375 0.025 0.070703125
0 0.542578125 0.858984375 0.034765625 0.078515625
0 0.638671875 0.90859375 0.0328125 0.070703125