0 0.88515625 0.965234375 0.023828125 0.041796875
0 0.63203125 0.96796875 0.015234375 0.043359375
0 0.82265625 0.7203125 0.0171875 0.0421875
0 0.576171875 0.723046875 0.015625 0.03984375
0 0.575390625 0.6625 0.016015625 0.0453125
0 0.584375 0.515625 0.0140625 0.051171875
0 0.651953125 0.487109375 0.016015625 0.05234375
0 0.678125 0.437890625 0.01640625 0.04609375
0 0.622265625 0.390625 0.0171875 0.0453125
0 0.6171875 0.305078125 0.017578125 0.04609375
0 0.640234375 0.325390625 0.015625 0.03984375
0 0.67109375 0.26875 0.015234375 0.046484375
0 0.698828125 0.196875 0.014453125 0.048046875
0 0.63359375 0.173828125 0.0140625 0.044140625
0 0.677734375 0.131640625 0.01953125 0.04296875
0 0.71953125 0.075390625 0.018359375 0.043359375
0 0.513671875 0.500390625 0.017578125 0.05078125
0 0.484765625 0.191796875 0.015234375 0.047265625