0 0.60078125 0.878125 0.0265625 0.025390625
0 0.540234375 0.824609375 0.02109375 0.036328125
0 0.626171875 0.766015625 0.023828125 0.02578125
0 0.4734375 0.60390625 0.025 0.02890625
0 0.480859375 0.5515625 0.030078125 0.023046875
0 0.58046875 0.41171875 0.0140625 0.041015625
0 0.503125 0.319140625 0.0140625 0.04609375
0 0.53359375 0.271875 0.016796875 0.04921875
0 0.596875 0.310546875 0.0140625 0.046484375
0 0.664453125 0.33125 0.019921875 0.037109375
0 0.652734375 0.23515625 0.01328125 0.051171875
0 0.59609375 0.179296875 0.01640625 0.04375
0 0.4984375 0.17734375 0.016796875 0.04765625
0 0.84453125 0.229296875 0.01875 0.0390625
0 0.67265625 0.058984375 0.014453125 0.042578125
0 0.6234375 0.078125 0.016796875 0.04453125
0 0.6859375 0.563671875 0.01953125 0.035546875
0 0.90390625 0.469140625 0.019921875 0.03671875
0 0.490234375 0.01875 0.016796875 0.036328125