0 0.813671875 0.887890625 0.019921875 0.044140625
0 0.575 0.830859375 0.0140625 0.04453125
0 0.5671875 0.783203125 0.016796875 0.047265625
0 0.58359375 0.621875 0.01953125 0.05390625
0 0.521875 0.560546875 0.01875 0.044140625
0 0.65546875 0.5359375 0.01640625 0.0375
0 0.68671875 0.50078125 0.012890625 0.042578125
0 0.621875 0.471484375 0.01015625 0.039453125
0 0.63828125 0.45078125 0.013671875 0.02734375
0 0.62578125 0.36015625 0.012890625 0.04453125
0 0.67890625 0.3453125 0.01328125 0.0453125
0 0.686328125 0.252734375 0.01328125 0.047265625
0 0.6640625 0.204296875 0.012890625 0.044921875
0 0.634765625 0.2484375 0.012890625 0.039453125
0 0.70546875 0.1203125 0.013671875 0.046484375
0 0.503515625 0.262890625 0.0171875 0.04453125