0 0.94375 0.712890625 0.017578125 0.037109375
0 0.883203125 0.6890625 0.028515625 0.020703125
0 0.789453125 0.618359375 0.024609375 0.02578125
0 0.934765625 0.54375 0.023828125 0.033984375
0 0.8703125 0.565234375 0.0171875 0.03671875
0 0.86640625 0.4953125 0.019921875 0.031640625
0 0.9625 0.494921875 0.015234375 0.037890625
0 0.938671875 0.472265625 0.028515625 0.01875
0 0.91484375 0.4421875 0.0140625 0.038671875
0 0.812109375 0.477734375 0.014453125 0.0390625
0 0.836328125 0.521484375 0.02890625 0.01796875
0 0.83125 0.566015625 0.020703125 0.021875
0 0.7765625 0.467578125 0.0203125 0.028125
0 0.90234375 0.473046875 0.0125 0.034765625
0 0.848046875 0.55 0.025 0.034375
0 0.928515625 0.3640625 0.01875 0.037109375
0 0.80703125 0.293359375 0.01171875 0.038671875
0 0.909765625 0.208984375 0.018359375 0.03984375
0 0.9625 0.41328125 0.019921875 0.03359375
0 0.96640625 0.300390625 0.019921875 0.01953125
0 0.971875 0.2921875 0.019921875 0.036328125