0 0.61015625 0.708203125 0.028125 0.020703125
0 0.549609375 0.655859375 0.023046875 0.0359375
0 0.634375 0.59609375 0.024609375 0.025390625
0 0.59140625 0.314453125 0.015234375 0.043359375
0 0.493359375 0.3859375 0.01875 0.03828125
0 0.472265625 0.4015625 0.019921875 0.036328125
0 0.512890625 0.2265625 0.011328125 0.051171875
0 0.609375 0.185546875 0.01484375 0.046875
0 0.512109375 0.1671875 0.021875 0.041015625
0 0.58515625 0.08359375 0.022265625 0.0390625
0 0.4546875 0.13046875 0.020703125 0.040234375
0 0.705859375 0.425 0.019140625 0.037109375
0 0.913671875 0.301953125 0.021875 0.040234375
0 0.85234375 0.0703125 0.019140625 0.0515625
0 0.65703125 0.147265625 0.01328125 0.051171875
0 0.694140625 0.2078125 0.025390625 0.035546875
0 0.67109375 0.00546875 0.0140625 0.010546875