0 0.384375 0.818359375 0.0375 0.02265625
0 0.51796875 0.703515625 0.02265625 0.04765625
0 0.501953125 0.896484375 0.0375 0.037890625
0 0.6390625 0.826953125 0.035546875 0.0359375
0 0.741015625 0.832421875 0.040625 0.03671875
0 0.72421875 0.69765625 0.03984375 0.026953125
0 0.68359375 0.66015625 0.0359375 0.02265625
0 0.852734375 0.678125 0.049609375 0.029296875
0 0.84609375 0.840234375 0.040234375 0.025
0 0.882421875 0.8296875 0.040625 0.042578125
0 0.9140625 0.855078125 0.04140625 0.0328125
0 0.951171875 0.775390625 0.033203125 0.0484375
0 0.956640625 0.673046875 0.042578125 0.0234375
0 0.74375 0.92734375 0.0203125 0.062109375
0 0.8421875 0.90078125 0.03046875 0.062109375
0 0.8921875 0.933203125 0.037890625 0.051953125
0 0.96484375 0.891015625 0.03828125 0.030859375
0 0.958203125 0.926171875 0.0328125 0.036328125
0 0.9828125 0.941015625 0.026953125 0.0546875
0 0.490625 0.61484375 0.030859375 0.04140625
0 0.778515625 0.60625 0.034375 0.0328125
0 0.879296875 0.61796875 0.04296875 0.03984375