0 0.388671875 0.182421875 0.03046875 0.04375
0 0.575 0.412109375 0.041015625 0.02890625
0 0.667578125 0.22734375 0.03359375 0.04765625
0 0.670703125 0.121875 0.027734375 0.067578125
0 0.790625 0.315625 0.033984375 0.044921875
0 0.765625 0.500390625 0.04375 0.023046875
0 0.66015625 0.494921875 0.037890625 0.0234375
0 0.7125 0.62421875 0.034765625 0.041796875
0 0.7671875 0.538671875 0.0421875 0.034375
0 0.86328125 0.59375 0.03671875 0.043359375
0 0.827734375 0.6234375 0.040234375 0.02890625
0 0.9109375 0.65 0.03984375 0.03046875
0 0.965234375 0.63671875 0.04296875 0.023046875
0 0.756640625 0.6296875 0.032421875 0.03828125
0 0.77421875 0.73125 0.038671875 0.028125
0 0.465234375 0.6390625 0.036328125 0.04609375
0 0.402734375 0.678515625 0.036328125 0.03203125
0 0.5296875 0.666015625 0.035546875 0.03984375
0 0.58203125 0.724609375 0.03828125 0.03203125
0 0.540625 0.7546875 0.03984375 0.022265625
0 0.453515625 0.772265625 0.03671875 0.040234375
0 0.386328125 0.840234375 0.040234375 0.036328125
0 0.58046875 0.7765625 0.034375 0.037890625
0 0.61796875 0.81953125 0.037890625 0.02890625
0 0.643359375 0.844140625 0.03046875 0.0453125
0 0.466015625 0.894921875 0.037109375 0.0328125
0 0.5015625 0.934375 0.04375 0.028125
0 0.571875 0.917578125 0.040625 0.03125
0 0.710546875 0.75 0.039453125 0.0265625
0 0.717578125 0.86875 0.0375 0.03046875
0 0.750390625 0.93671875 0.038671875 0.04140625
0 0.81640625 0.809375 0.029296875 0.039453125
0 0.845703125 0.82109375 0.039453125 0.03359375
0 0.048046875 0.835546875 0.037109375 0.035546875
0 0.09765625 0.901171875 0.038671875 0.0484375