0 0.951953125 0.472265625 0.019921875 0.0375
0 0.89296875 0.44765625 0.0296875 0.0234375
0 0.79921875 0.375 0.0265625 0.03125
0 0.881640625 0.337890625 0.026171875 0.026171875
0 0.784765625 0.22421875 0.02109375 0.026953125
0 0.820703125 0.23359375 0.01328125 0.0421875
0 0.876171875 0.253515625 0.0203125 0.036328125
0 0.91015625 0.230859375 0.015625 0.038671875
0 0.943359375 0.299609375 0.025 0.02890625
0 0.83984375 0.324609375 0.0234375 0.01953125
0 0.8453125 0.28046875 0.031640625 0.01796875
0 0.97109375 0.255078125 0.015234375 0.034765625
0 0.85859375 0.30546875 0.025 0.0234375
0 0.9484375 0.23125 0.028515625 0.02109375
0 0.971484375 0.175390625 0.0171875 0.035546875
0 0.92421875 0.205078125 0.015234375 0.036328125
0 0.93828125 0.126171875 0.01953125 0.037890625
0 0.975 0.06640625 0.019921875 0.021875
0 0.962109375 0.034375 0.0265625 0.028125
0 0.815625 0.05 0.01328125 0.03828125