0 0.337109375 0.209375 0.0390625 0.028515625
0 0.45234375 0.25078125 0.039453125 0.030078125
0 0.380859375 0.30234375 0.0421875 0.0234375
0 0.5890625 0.063671875 0.037109375 0.028515625
0 0.616015625 0.175 0.042578125 0.024609375
0 0.681640625 0.232421875 0.040234375 0.02421875
0 0.709375 0.08671875 0.034375 0.0515625
0 0.639453125 0.31953125 0.04453125 0.02578125
0 0.78203125 0.284765625 0.039453125 0.02421875
0 0.78359375 0.169140625 0.03828125 0.021484375
0 0.85859375 0.128515625 0.046875 0.027734375
0 0.8484375 0.196875 0.037109375 0.02265625
0 0.8921875 0.206640625 0.04609375 0.02109375
0 0.941796875 0.139453125 0.04375 0.031640625
0 0.78671875 0.02578125 0.037890625 0.03984375
0 0.844140625 0.07109375 0.03515625 0.048828125