0 0.898046875 0.642578125 0.022265625 0.035546875
0 0.79296875 0.73359375 0.012109375 0.041796875
0 0.951171875 0.732421875 0.019140625 0.02265625
0 0.963671875 0.731640625 0.016796875 0.03671875
0 0.9125 0.8015625 0.021484375 0.041796875
0 0.94765625 0.848828125 0.021484375 0.03125
0 0.898828125 0.876171875 0.015625 0.034375
0 0.92734375 0.89765625 0.021875 0.037109375
0 0.947265625 0.937109375 0.01640625 0.0453125
0 0.886328125 0.911328125 0.015625 0.042578125
0 0.79765625 0.925390625 0.01640625 0.03515625
0 0.85078125 0.93125 0.020703125 0.037109375
0 0.819140625 0.965234375 0.027734375 0.02265625
0 0.84140625 0.964453125 0.023046875 0.030859375
0 0.918359375 0.983203125 0.01875 0.033203125
0 0.8625 0.9921875 0.017578125 0.015234375
0 0.8109375 0.9953125 0.01875 0.00859375
0 0.76171875 0.908984375 0.023046875 0.037109375