0 0.379296875 0.0421875 0.0390625 0.030078125
0 0.563671875 0.0265625 0.0296875 0.043359375
0 0.59609375 0.08671875 0.0359375 0.027734375
0 0.5609375 0.174609375 0.015625 0.058984375
0 0.652734375 0.213671875 0.021875 0.062890625
0 0.696875 0.146875 0.037109375 0.02734375
0 0.654296875 0.06015625 0.031640625 0.042578125
0 0.72265625 0.062890625 0.025390625 0.055078125
0 0.792578125 0.093359375 0.03984375 0.0484375
0 0.848828125 0.065625 0.023828125 0.05
0 0.79765625 0.256640625 0.03125 0.044921875
0 0.90546875 0.244921875 0.018359375 0.053515625
0 0.925 0.112890625 0.028515625 0.05390625
0 0.955859375 0.072265625 0.04296875 0.040234375
0 0.93515625 0.025390625 0.031640625 0.05078125
0 0.96015625 0.283203125 0.02578125 0.05703125
0 0.933984375 0.324609375 0.02890625 0.054296875
0 0.87734375 0.391015625 0.033984375 0.0421875
0 0.933984375 0.477734375 0.022265625 0.056640625
0 0.60078125 0.723828125 0.016015625 0.051171875