0 0.2140625 0.087109375 0.03984375 0.0234375
0 0.57734375 0.1328125 0.017578125 0.05078125
0 0.169140625 0.0328125 0.026953125 0.0515625
0 0.02421875 0.198828125 0.040625 0.035546875
0 0.05703125 0.267578125 0.0375 0.0234375
0 0.05078125 0.49296875 0.0375 0.02734375
0 0.2984375 0.5671875 0.04296875 0.041015625
0 0.084375 0.67265625 0.039453125 0.01796875
0 0.0140625 0.48359375 0.025390625 0.04921875
0 0.023828125 0.64609375 0.040234375 0.016015625
0 0.03984375 0.771484375 0.03203125 0.036328125
0 0.087890625 0.8140625 0.041796875 0.0359375
0 0.41796875 0.82109375 0.0203125 0.0640625