0 0.366796875 0.539453125 0.030078125 0.03984375
0 0.75859375 0.246875 0.023046875 0.0515625
0 0.648828125 0.468359375 0.025 0.049609375
0 0.6421875 0.581640625 0.03203125 0.047265625
0 0.7546875 0.6796875 0.034375 0.04453125
0 0.74140625 0.846484375 0.038671875 0.0328125
0 0.602734375 0.858203125 0.034765625 0.034375
0 0.53046875 0.7703125 0.0421875 0.033984375
0 0.7296875 0.891015625 0.040234375 0.03515625
0 0.834765625 0.932421875 0.038671875 0.0453125
0 0.93046875 0.978125 0.03515625 0.0359375
0 0.677734375 0.9671875 0.038671875 0.03359375
0 0.7125 0.97578125 0.03671875 0.035546875
0 0.803125 0.9640625 0.03984375 0.035546875