0 0.808984375 0.48984375 0.022265625 0.041796875
0 0.773046875 0.57890625 0.0203125 0.04375
0 0.733203125 0.605859375 0.02109375 0.03828125
0 0.741796875 0.708203125 0.019140625 0.041796875
0 0.708984375 0.658203125 0.019140625 0.036328125
0 0.64453125 0.695703125 0.015625 0.0375
0 0.707421875 0.68984375 0.02578125 0.04453125
0 0.726171875 0.7875 0.023828125 0.034375
0 0.716796875 0.8359375 0.018359375 0.037109375
0 0.6703125 0.82265625 0.020703125 0.03359375
0 0.651953125 0.97890625 0.016796875 0.0390625
0 0.978515625 0.2984375 0.026171875 0.041796875