0 0.937109375 0.8890625 0.0203125 0.03984375
0 0.876171875 0.866796875 0.028515625 0.026953125
0 0.78359375 0.795703125 0.025390625 0.03125
0 0.865625 0.7390625 0.01953125 0.0375
0 0.928125 0.7203125 0.02265625 0.03515625
0 0.95703125 0.672265625 0.015234375 0.041015625
0 0.825 0.73984375 0.021484375 0.021484375
0 0.771875 0.64296875 0.0203125 0.03125
0 0.806640625 0.652734375 0.0140625 0.0390625
0 0.86171875 0.669921875 0.01875 0.040625
0 0.897265625 0.648828125 0.015234375 0.03984375
0 0.934375 0.6421875 0.025 0.028125
0 0.830078125 0.696484375 0.0265625 0.019921875
0 0.84375 0.710546875 0.021484375 0.030859375
0 0.958203125 0.589453125 0.0203125 0.037890625
0 0.923046875 0.53984375 0.019140625 0.0390625
0 0.803515625 0.466796875 0.015234375 0.040234375
0 0.91015625 0.617578125 0.015625 0.041796875
0 0.9078125 0.381640625 0.0234375 0.0390625
0 0.9609375 0.47265625 0.01953125 0.020703125
0 0.97421875 0.472265625 0.016015625 0.034375