0 0.115234375 0.740625 0.018359375 0.034375
0 0.4 0.13203125 0.01328125 0.042578125
0 0.366015625 0.1234375 0.01640625 0.03828125
0 0.31796875 0.13671875 0.015625 0.0390625
0 0.34140625 0.253125 0.0171875 0.044921875
0 0.262890625 0.324609375 0.012890625 0.044140625
0 0.19921875 0.308984375 0.02890625 0.022265625
0 0.240625 0.22890625 0.019140625 0.03984375
0 0.251953125 0.153125 0.019140625 0.03828125
0 0.143359375 0.08671875 0.024609375 0.03828125
0 0.191796875 0.071875 0.015234375 0.0359375
0 0.246875 0.0609375 0.028515625 0.030859375
0 0.26953125 0.1046875 0.0140625 0.0453125
0 0.280078125 0.055859375 0.026953125 0.03984375
0 0.32265625 0.065234375 0.0296875 0.02890625
0 0.2515625 0.396875 0.020703125 0.04375
0 0.028515625 0.4171875 0.016796875 0.039453125
0 0.0375 0.3578125 0.03046875 0.0296875
0 0.24140625 0.015234375 0.021875 0.0296875