0 0.5765625 0.94296875 0.013671875 0.047265625
0 0.52421875 0.798828125 0.0171875 0.042578125
0 0.644921875 0.757421875 0.01640625 0.0453125
0 0.6875 0.701171875 0.0140625 0.04375
0 0.628125 0.670703125 0.016015625 0.035546875
0 0.70078125 0.6359375 0.015234375 0.041015625
0 0.71328125 0.51796875 0.018359375 0.04375
0 0.597265625 0.489453125 0.0203125 0.0390625
0 0.651953125 0.512109375 0.019921875 0.03828125
0 0.662109375 0.476953125 0.01796875 0.03359375
0 0.716796875 0.372265625 0.02578125 0.036328125
0 0.75390625 0.344140625 0.020703125 0.046484375
0 0.779296875 0.2578125 0.02109375 0.037890625
0 0.900390625 0.099609375 0.03359375 0.041015625