0 0.61328125 0.126953125 0.041796875 0.029296875
0 0.71015625 0.2046875 0.035546875 0.02734375
0 0.7875 0.2265625 0.03984375 0.02890625
0 0.794140625 0.263671875 0.034375 0.0296875
0 0.73203125 0.353515625 0.034765625 0.0421875
0 0.779296875 0.36328125 0.027734375 0.0390625
0 0.5796875 0.3671875 0.0359375 0.03828125
0 0.51015625 0.340234375 0.0375 0.0375
0 0.4515625 0.391015625 0.04453125 0.03125
0 0.50703125 0.46484375 0.035546875 0.037890625
0 0.621484375 0.43984375 0.040625 0.0265625
0 0.628515625 0.48046875 0.031640625 0.0390625
0 0.584375 0.484765625 0.037109375 0.03046875
0 0.747265625 0.4796875 0.04140625 0.0296875
0 0.6703125 0.54765625 0.042578125 0.019921875
0 0.456640625 0.540234375 0.043359375 0.028125
0 0.5234375 0.61171875 0.037109375 0.0328125
0 0.547265625 0.66171875 0.045703125 0.026953125
0 0.60625 0.664453125 0.0390625 0.031640625
0 0.759765625 0.602734375 0.038671875 0.025
0 0.778125 0.6703125 0.0375 0.03984375
0 0.678125 0.6046875 0.035546875 0.03984375
0 0.449609375 0.705859375 0.03828125 0.030859375
0 0.44453125 0.809375 0.037109375 0.028125
0 0.539453125 0.869921875 0.0359375 0.0296875
0 0.500390625 0.94453125 0.040625 0.02578125
0 0.659765625 0.784375 0.03515625 0.026171875
0 0.7421875 0.73984375 0.03359375 0.028515625
0 0.809765625 0.78515625 0.03828125 0.02734375
0 0.754296875 0.81796875 0.040234375 0.031640625
0 0.7203125 0.824609375 0.03828125 0.0265625
0 0.652734375 0.92890625 0.037109375 0.04140625
0 0.689453125 0.93359375 0.041015625 0.032421875
0 0.955078125 0.77421875 0.047265625 0.030859375
0 0.8375 0.542578125 0.028515625 0.0421875
0 0.887109375 0.544140625 0.04609375 0.0390625
0 0.953125 0.548828125 0.0390625 0.03359375
0 0.825390625 0.466015625 0.037890625 0.02421875
0 0.850390625 0.35 0.04140625 0.025
0 0.884765625 0.3203125 0.039453125 0.04296875
0 0.93515625 0.379296875 0.03828125 0.025390625
0 0.079296875 0.575 0.043359375 0.03359375
0 0.143359375 0.613671875 0.051171875 0.0296875
0 0.1796875 0.85078125 0.04375 0.02890625
0 0.23046875 0.8578125 0.044921875 0.032421875
0 0.189453125 0.949609375 0.04296875 0.027734375
0 0.074609375 0.81953125 0.042578125 0.031640625
0 0.10390625 0.838671875 0.043359375 0.0390625
0 0.029296875 0.928125 0.05 0.037109375
0 0.019140625 0.8734375 0.0328125 0.047265625