0 0.61796875 0.537109375 0.026953125 0.021484375
0 0.556640625 0.48203125 0.025 0.033984375
0 0.64296875 0.425390625 0.0296875 0.030859375
0 0.7296875 0.271875 0.028515625 0.028125
0 0.605078125 0.18671875 0.014453125 0.04453125
0 0.728515625 0.099609375 0.020703125 0.046484375
0 0.668359375 0.082421875 0.015234375 0.047265625
0 0.625 0.05390625 0.01484375 0.0515625
0 0.51953125 0.094140625 0.01171875 0.052734375
0 0.50859375 0.014453125 0.016015625 0.02890625
0 0.922265625 0.128515625 0.025 0.03984375