0 0.528125 0.91640625 0.01953125 0.04453125
0 0.649609375 0.859765625 0.015625 0.04609375
0 0.653125 0.7265625 0.019140625 0.035546875
0 0.6984375 0.750390625 0.018359375 0.042578125
0 0.71484375 0.6890625 0.021484375 0.03828125
0 0.73046875 0.59375 0.019921875 0.03984375
0 0.6296875 0.578515625 0.026171875 0.03359375
0 0.679296875 0.598046875 0.02265625 0.040625
0 0.68828125 0.55859375 0.019921875 0.035546875
0 0.7296875 0.478515625 0.020703125 0.034375
0 0.76640625 0.4453125 0.019921875 0.0390625
0 0.8 0.360546875 0.019921875 0.042578125
0 0.940234375 0.19296875 0.027734375 0.0453125