0 0.2125 0.36484375 0.01640625 0.046484375
0 0.281640625 0.3703125 0.02265625 0.0375
0 0.1796875 0.37578125 0.030078125 0.021484375
0 0.144921875 0.39765625 0.03125 0.022265625
0 0.180078125 0.446484375 0.019921875 0.044921875
0 0.23515625 0.417578125 0.019140625 0.045703125
0 0.226171875 0.464453125 0.021875 0.034375
0 0.117578125 0.56171875 0.015234375 0.038671875
0 0.24296875 0.54296875 0.027734375 0.026953125
0 0.275 0.546875 0.016796875 0.0421875
0 0.190234375 0.669140625 0.0203125 0.04296875
0 0.228515625 0.653515625 0.01796875 0.041015625
0 0.294140625 0.646875 0.015625 0.042578125
0 0.2171875 0.7265625 0.019921875 0.040625
0 0.072265625 0.7796875 0.01796875 0.041015625
0 0.17734375 0.801953125 0.030859375 0.0234375
0 0.23671875 0.783203125 0.013671875 0.040234375
0 0.315234375 0.75 0.013671875 0.052734375
0 0.344140625 0.631640625 0.01640625 0.04375
0 0.36796875 0.613671875 0.021875 0.03984375
0 0.225390625 0.891015625 0.024609375 0.030859375
0 0.0140625 0.835546875 0.023828125 0.031640625
0 0.0078125 0.8953125 0.015625 0.0375