0 0.01796875 0.74765625 0.019921875 0.0421875
0 0.022265625 0.68671875 0.02421875 0.034375
0 0.186328125 0.647265625 0.03046875 0.021484375
0 0.237109375 0.73515625 0.02421875 0.040234375
0 0.246484375 0.624609375 0.013671875 0.041015625
0 0.326953125 0.585546875 0.02109375 0.040625
0 0.226953125 0.566796875 0.018359375 0.03828125
0 0.09609375 0.52109375 0.021484375 0.0390625
0 0.236328125 0.495703125 0.015234375 0.0390625
0 0.197265625 0.49375 0.01953125 0.04140625
0 0.303125 0.480078125 0.017578125 0.033984375
0 0.350390625 0.468359375 0.015625 0.051171875
0 0.376171875 0.451171875 0.019921875 0.03984375
0 0.283984375 0.3875 0.022265625 0.03671875
0 0.251171875 0.38203125 0.02734375 0.031640625
0 0.2296875 0.319140625 0.019921875 0.03203125
0 0.282421875 0.216015625 0.02265625 0.041015625
0 0.243359375 0.257421875 0.0171875 0.037109375
0 0.1875 0.287109375 0.016796875 0.045703125
0 0.21640625 0.2109375 0.015234375 0.0453125
0 0.17890625 0.234765625 0.029296875 0.021484375
0 0.18828125 0.2234375 0.024609375 0.035546875
0 0.124609375 0.40625 0.0171875 0.036328125