0 0.798828125 0.574609375 0.012109375 0.0375
0 0.767578125 0.74921875 0.019921875 0.030859375
0 0.80390625 0.76015625 0.01484375 0.04140625
0 0.818359375 0.845703125 0.025390625 0.020703125
0 0.8578125 0.771875 0.018359375 0.036328125
0 0.92421875 0.826953125 0.023046875 0.037109375
0 0.953125 0.69296875 0.0203125 0.03203125
0 0.953125 0.778125 0.0171875 0.041015625
0 0.9046875 0.721484375 0.01484375 0.040234375
0 0.9296875 0.744921875 0.01953125 0.035546875
0 0.91875 0.643359375 0.022265625 0.038671875
0 0.903515625 0.486328125 0.023828125 0.038671875
0 0.95703125 0.5765625 0.01875 0.020703125
0 0.96875 0.575 0.01640625 0.02890625
0 0.866015625 0.84140625 0.023828125 0.0390625
0 0.82578125 0.805078125 0.026171875 0.018359375
0 0.84375 0.808203125 0.02421875 0.03046875
0 0.777734375 0.901171875 0.02265625 0.02890625
0 0.872265625 0.97109375 0.028125 0.02265625
0 0.93125 0.987109375 0.0140625 0.025390625