0 0.619140625 0.938671875 0.02578125 0.026953125
0 0.473828125 0.71875 0.02265625 0.02734375
0 0.478515625 0.778125 0.02421875 0.027734375
0 0.536328125 0.988671875 0.019140625 0.02265625
0 0.500390625 0.384765625 0.015625 0.044921875
0 0.555859375 0.35078125 0.01875 0.04765625
0 0.544921875 0.206640625 0.017578125 0.042578125
0 0.469140625 0.080078125 0.0140625 0.04453125
0 0.66640625 0.701171875 0.01796875 0.0359375
0 0.89765625 0.634765625 0.020703125 0.0359375
0 0.837109375 0.39296875 0.016015625 0.041015625
0 0.648828125 0.40546875 0.0171875 0.04375
0 0.588671875 0.429296875 0.01328125 0.040234375
0 0.5765625 0.523828125 0.01171875 0.040234375
0 0.6578125 0.316015625 0.012890625 0.04609375
0 0.604296875 0.25234375 0.0140625 0.03984375
0 0.62890625 0.156640625 0.0125 0.047265625
0 0.67109375 0.1234375 0.01484375 0.043359375
0 0.636328125 0.04375 0.0140625 0.03984375