0 0.89296875 0.798046875 0.021484375 0.038671875
0 0.830859375 0.556640625 0.01484375 0.0421875
0 0.746484375 0.027734375 0.0140625 0.04375
0 0.702734375 0.0578125 0.018359375 0.044921875
0 0.6390625 0.1109375 0.012890625 0.04609375
0 0.694921875 0.113671875 0.0203125 0.040625
0 0.66875 0.194140625 0.01640625 0.0453125
0 0.630078125 0.233984375 0.01484375 0.050390625
0 0.59453125 0.25078125 0.01796875 0.04375
0 0.61640625 0.322265625 0.014453125 0.036328125
0 0.665234375 0.382421875 0.016796875 0.04375
0 0.574609375 0.43046875 0.017578125 0.04609375
0 0.654296875 0.443359375 0.01640625 0.047265625
0 0.580859375 0.546875 0.0125 0.041015625
0 0.5765625 0.627734375 0.012890625 0.041796875
0 0.650390625 0.840234375 0.015234375 0.03984375
0 0.50859375 0.444140625 0.015234375 0.0453125
0 0.46875 0.130859375 0.012890625 0.04609375
0 0.469140625 0.88984375 0.02265625 0.034375
0 0.47421875 0.95078125 0.02421875 0.025