0 0.197265625 0.68125 0.021875 0.03828125
0 0.273046875 0.717578125 0.019921875 0.026953125
0 0.200390625 0.73515625 0.019140625 0.0359375
0 0.161328125 0.730859375 0.0265625 0.029296875
0 0.10078125 0.7796875 0.017578125 0.044921875
0 0.163671875 0.801953125 0.021484375 0.03828125
0 0.215234375 0.801953125 0.024609375 0.03828125
0 0.25703125 0.901953125 0.021875 0.039453125
0 0.226171875 0.896484375 0.0296875 0.030859375
0 0.10078125 0.909375 0.015625 0.044921875
0 0.35234375 0.96953125 0.023828125 0.035546875
0 0.32578125 0.983203125 0.01796875 0.033203125
0 0.27890625 0.9875 0.017578125 0.02421875