0 0.523828125 0.707421875 0.016015625 0.04765625
0 0.6109375 0.6140625 0.022265625 0.04140625
0 0.579296875 0.83046875 0.015625 0.039453125
0 0.681640625 0.648046875 0.0125 0.04140625
0 0.700390625 0.59609375 0.0125 0.041796875
0 0.6375 0.65703125 0.016796875 0.0390625
0 0.70234375 0.45390625 0.01484375 0.048046875
0 0.6359375 0.45078125 0.015625 0.043359375
0 0.644140625 0.384765625 0.019140625 0.041796875
0 0.562109375 0.409375 0.02109375 0.041796875
0 0.689453125 0.296484375 0.0171875 0.04453125
0 0.729296875 0.28046875 0.0203125 0.041796875
0 0.7484375 0.16796875 0.01875 0.04375
0 0.8484375 0.01328125 0.032421875 0.02578125