0 0.128125 0.21640625 0.036328125 0.043359375
0 0.19296875 0.2671875 0.040234375 0.046875
0 0.089453125 0.509375 0.04453125 0.04765625
0 0.1234375 0.5265625 0.030859375 0.047265625
0 0.247265625 0.538671875 0.0453125 0.023828125
0 0.334765625 0.558203125 0.043359375 0.028515625
0 0.5078125 0.385546875 0.04765625 0.02578125
0 0.520703125 0.486328125 0.037109375 0.029296875
0 0.596484375 0.549609375 0.03984375 0.025390625
0 0.518359375 0.19921875 0.0421875 0.0390625
0 0.5609375 0.10390625 0.040625 0.046875
0 0.582421875 0.275 0.040234375 0.0390625
0 0.59296875 0.332421875 0.041796875 0.034765625
0 0.634765625 0.155859375 0.0390625 0.03125
0 0.669921875 0.101953125 0.040234375 0.025
0 0.68046875 0.130859375 0.03828125 0.03671875
0 0.78671875 0.150390625 0.0421875 0.0296875
0 0.726953125 0.216796875 0.043359375 0.025
0 0.7203125 0.310546875 0.039453125 0.037109375
0 0.646484375 0.3640625 0.038671875 0.03828125
0 0.80390625 0.2859375 0.041015625 0.029296875
0 0.887890625 0.144140625 0.047265625 0.03046875
0 0.858203125 0.223046875 0.031640625 0.051171875
0 0.916015625 0.225390625 0.040625 0.05
0 0.799609375 0.35390625 0.03828125 0.036328125
0 0.78828125 0.425 0.034765625 0.032421875
0 0.8625 0.460546875 0.044921875 0.031640625
0 0.712109375 0.468359375 0.037109375 0.02734375
0 0.775 0.503515625 0.040234375 0.028515625
0 0.8109375 0.503515625 0.0375 0.025
0 0.7078125 0.600390625 0.04296875 0.025
0 0.7328125 0.62109375 0.040234375 0.02265625
0 0.558203125 0.6328125 0.044921875 0.02578125
0 0.292578125 0.63984375 0.044140625 0.027734375
0 0.75234375 0.02734375 0.035546875 0.050390625
0 0.799609375 0.02890625 0.030078125 0.0546875
0 0.87265625 0.021875 0.0375 0.037109375
0 0.9578125 0.05078125 0.038671875 0.032421875
0 0.976171875 0.22578125 0.03671875 0.037890625