0 0.278125 0.5421875 0.024609375 0.03671875
0 0.221875 0.575390625 0.013671875 0.040625
0 0.201953125 0.533984375 0.015234375 0.042578125
0 0.17109375 0.553515625 0.0234375 0.03359375
0 0.221875 0.62734375 0.0203125 0.041015625
0 0.171875 0.6234375 0.018359375 0.0421875
0 0.1140625 0.58828125 0.03125 0.024609375
0 0.359375 0.791796875 0.019921875 0.033984375
0 0.28671875 0.822265625 0.015234375 0.043359375
0 0.333203125 0.809375 0.019140625 0.041015625
0 0.2203125 0.832421875 0.016796875 0.042578125
0 0.26640625 0.724609375 0.017578125 0.034375
0 0.234765625 0.71953125 0.028125 0.02890625
0 0.180859375 0.849609375 0.021484375 0.0390625
0 0.21015625 0.90078125 0.019140625 0.036328125
0 0.307421875 0.92421875 0.01484375 0.0421875
0 0.22734375 0.957421875 0.0140625 0.0328125
0 0.177734375 0.958203125 0.01640625 0.0390625
0 0.1078125 0.73828125 0.0171875 0.041796875
0 0.06484375 0.978515625 0.017578125 0.042578125