0 0.508203125 0.4015625 0.0296875 0.03828125
0 0.534765625 0.484765625 0.025 0.037890625
0 0.697265625 0.441015625 0.04140625 0.026953125
0 0.74453125 0.473046875 0.04140625 0.03828125
0 0.796875 0.38671875 0.03046875 0.033203125
0 0.854296875 0.36875 0.042578125 0.0296875
0 0.848046875 0.450390625 0.047265625 0.02421875
0 0.96875 0.45 0.033984375 0.036328125
0 0.970703125 0.546875 0.033984375 0.026953125
0 0.7484375 0.6015625 0.041796875 0.032421875
0 0.6546875 0.612109375 0.026171875 0.036328125
0 0.766796875 0.707421875 0.019921875 0.055859375
0 0.841015625 0.63515625 0.034765625 0.031640625
0 0.875 0.626953125 0.0421875 0.041015625
0 0.919921875 0.632421875 0.04296875 0.0328125
0 0.857421875 0.697265625 0.03203125 0.05234375
0 0.916015625 0.708203125 0.038671875 0.043359375
0 0.775390625 0.7984375 0.041015625 0.02578125
0 0.702734375 0.827734375 0.0359375 0.02890625
0 0.6921875 0.93828125 0.039453125 0.037109375
0 0.759375 0.95078125 0.0453125 0.0296875
0 0.7953125 0.87890625 0.03515625 0.028125
0 0.837890625 0.878125 0.040234375 0.026171875
0 0.851171875 0.918359375 0.042578125 0.03828125
0 0.9296875 0.828125 0.024609375 0.05859375
0 0.973046875 0.773046875 0.03125 0.042578125
0 0.970703125 0.82109375 0.032421875 0.046484375
0 0.392578125 0.60625 0.03984375 0.0234375
0 0.5203125 0.68046875 0.03359375 0.036328125
0 0.61640625 0.926953125 0.023828125 0.03359375
0 0.51875 0.979296875 0.025390625 0.03984375
0 0.604296875 0.977734375 0.03359375 0.04375