0 0.392578125 0.34140625 0.038671875 0.01796875
0 0.548828125 0.340234375 0.03203125 0.04375
0 0.559765625 0.299609375 0.02734375 0.05390625
0 0.579296875 0.40078125 0.037109375 0.02421875
0 0.634375 0.3796875 0.026171875 0.05234375
0 0.646875 0.2953125 0.0359375 0.031640625
0 0.699609375 0.373828125 0.025 0.054296875
0 0.6984375 0.4671875 0.040234375 0.0328125
0 0.7546875 0.30546875 0.030859375 0.041015625
0 0.774609375 0.411328125 0.040234375 0.043359375
0 0.830859375 0.38359375 0.027734375 0.048046875
0 0.933203125 0.325390625 0.0390625 0.029296875
0 0.91875 0.37265625 0.035546875 0.042578125
0 0.90703125 0.433984375 0.029296875 0.0484375
0 0.64921875 0.236328125 0.040234375 0.026171875
0 0.696875 0.24609375 0.03984375 0.03203125
0 0.7234375 0.140625 0.028125 0.04921875
0 0.761328125 0.21328125 0.042578125 0.02734375
0 0.82265625 0.190625 0.037890625 0.031640625
0 0.771875 0.093359375 0.040234375 0.0421875
0 0.81015625 0.0375 0.02265625 0.060546875
0 0.89921875 0.0921875 0.02421875 0.062890625
0 0.959375 0.04296875 0.033984375 0.051953125
0 0.886328125 0.241796875 0.037890625 0.05
0 0.77734375 0.268359375 0.03203125 0.0265625
0 0.9734375 0.157421875 0.026171875 0.055859375
0 0.973828125 0.275 0.028515625 0.0640625
0 0.5421875 0.4890625 0.017578125 0.055078125
0 0.6390625 0.519140625 0.02265625 0.038671875
0 0.7828125 0.5734375 0.03515625 0.0375
0 0.884765625 0.568359375 0.021875 0.0515625
0 0.938671875 0.6046875 0.0234375 0.04921875
0 0.969140625 0.53671875 0.040625 0.041015625
0 0.91171875 0.647265625 0.028515625 0.055859375
0 0.856640625 0.712890625 0.033984375 0.04296875
0 0.911328125 0.76484375 0.020703125 0.066015625