0 0.747265625 0.54921875 0.1359375 0.15859375
0 0.3140625 0.5375 0.144140625 0.128125
0 0.404296875 0.740625 0.23125 0.25234375
0 0.263671875 0.438671875 0.1 0.08125
0 0.557421875 0.320703125 0.072265625 0.05859375
0 0.2875 0.350390625 0.096484375 0.08125
0 0.35625 0.386328125 0.096875 0.064453125
0 0.139453125 0.35390625 0.07734375 0.052734375
0 0.083203125 0.435546875 0.10234375 0.090234375
0 0.5484375 0.391796875 0.090625 0.091796875
0 0.65234375 0.50703125 0.084375 0.15
0 0.633203125 0.470703125 0.09765625 0.1109375
0 0.7609375 0.371484375 0.0640625 0.079296875
0 0.74296875 0.429296875 0.0828125 0.0640625
0 0.64765625 0.39296875 0.0875 0.072265625