0 0.659765625 0.443359375 0.272265625 0.328515625
0 0.921484375 0.24453125 0.047265625 0.0515625
0 0.96640625 0.287890625 0.0671875 0.122265625
0 0.87421875 0.25546875 0.04921875 0.064453125
0 0.749609375 0.25078125 0.03984375 0.04296875
0 0.697265625 0.245703125 0.02734375 0.033203125
0 0.6640625 0.247265625 0.0265625 0.041796875
0 0.642578125 0.24453125 0.02578125 0.0359375
0 0.6203125 0.25 0.0203125 0.0390625
0 0.58515625 0.2515625 0.028125 0.033203125
0 0.839453125 0.24453125 0.03671875 0.05546875
0 0.792578125 0.248046875 0.04140625 0.04296875