0 0.365625 0.619921875 0.103515625 0.160546875
0 0.8921875 0.5890625 0.12578125 0.154296875
0 0.700390625 0.43359375 0.058203125 0.12734375
0 0.49765625 0.51796875 0.060546875 0.169140625
0 0.601171875 0.16171875 0.04453125 0.068359375
0 0.378515625 0.5265625 0.063671875 0.1484375
0 0.327734375 0.160546875 0.028125 0.071875
0 0.550390625 0.5 0.04921875 0.16484375
0 0.744140625 0.698828125 0.08984375 0.201953125
0 0.421875 0.00859375 0.023828125 0.0171875
0 0.43203125 0.148046875 0.039453125 0.058203125
0 0.39609375 0.179296875 0.031640625 0.0609375
0 0.725 0.56015625 0.081640625 0.167578125
0 0.430859375 0.19453125 0.03671875 0.06953125
0 0.703125 0.3890625 0.0734375 0.1140625