0 0.912109375 0.76171875 0.14375 0.215234375
0 0.7765625 0.196484375 0.053125 0.083984375
0 0.773828125 0.4796875 0.0515625 0.151953125
0 0.71484375 0.664453125 0.053515625 0.22578125
0 0.345703125 0.5609375 0.076171875 0.175
0 0.494140625 0.154296875 0.023046875 0.078515625
0 0.39296875 0.498828125 0.041796875 0.1671875
0 0.595703125 0.150390625 0.03046875 0.085546875
0 0.6515625 0.009765625 0.021875 0.01953125
0 0.49609375 0.526171875 0.041796875 0.187109375
0 0.552734375 0.177734375 0.03515625 0.065625
0 0.562890625 0.564453125 0.04453125 0.1984375
0 0.679296875 0.803515625 0.06640625 0.259765625
0 0.583203125 0.2015625 0.03359375 0.0859375
0 0.7484375 0.53046875 0.053125 0.1859375