0 0.66484375 0.448046875 0.054296875 0.109375
0 0.497265625 0.415625 0.03515625 0.070703125
0 0.223828125 0.510546875 0.05 0.11953125
0 0.148828125 0.58515625 0.05859375 0.185546875
0 0.1890625 0.2890625 0.03828125 0.05
0 0.263671875 0.39609375 0.0265625 0.080859375
0 0.309765625 0.4109375 0.032421875 0.06796875
0 0.4578125 0.36328125 0.015625 0.0484375
0 0.4359375 0.3578125 0.01484375 0.047265625
0 0.04140625 0.437890625 0.0515625 0.109375
0 0.358984375 0.346484375 0.0234375 0.057421875
0 0.044921875 0.370703125 0.04921875 0.065625