0 0.33359375 0.350390625 0.083984375 0.07421875
0 0.0546875 0.26484375 0.06328125 0.05078125
0 0.36484375 0.44140625 0.10546875 0.120703125
0 0.23515625 0.373046875 0.082421875 0.087890625
0 0.356640625 0.886328125 0.361328125 0.216796875
0 0.7046875 0.38125 0.081640625 0.11015625
0 0.133203125 0.3 0.056640625 0.06484375
0 0.377734375 0.290234375 0.05 0.05546875
0 0.432421875 0.305859375 0.02421875 0.05390625
0 0.27421875 0.257421875 0.03984375 0.038671875
0 0.458984375 0.2609375 0.042578125 0.08515625
0 0.40859375 0.260546875 0.040625 0.051171875
0 0.113671875 0.235546875 0.03203125 0.03671875
0 0.17265625 0.269921875 0.041015625 0.04765625
0 0.502734375 0.244140625 0.0296875 0.05
0 0.189453125 0.229296875 0.03046875 0.03046875
0 0.21484375 0.254296875 0.0421875 0.052734375
0 0.55859375 0.298046875 0.0171875 0.0484375
0 0.529296875 0.28203125 0.01640625 0.0390625
0 0.623046875 0.296484375 0.01796875 0.045703125
0 0.642578125 0.30703125 0.03046875 0.041796875
0 0.67265625 0.3125 0.040625 0.058203125
0 0.6046875 0.270703125 0.0265625 0.05