0 0.9125 0.684765625 0.134375 0.188671875
0 0.697265625 0.17890625 0.046484375 0.07578125
0 0.34765625 0.58515625 0.091015625 0.17109375
0 0.387890625 0.51171875 0.047265625 0.146875
0 0.730859375 0.491796875 0.0546875 0.156640625
0 0.420703125 0.155078125 0.023828125 0.0765625
0 0.49765625 0.520703125 0.048046875 0.1765625
0 0.56875 0.53515625 0.03984375 0.187890625
0 0.519921875 0.16640625 0.040625 0.112890625
0 0.72265625 0.629296875 0.06953125 0.21484375
0 0.485546875 0.17734375 0.0390625 0.0640625
0 0.745703125 0.4296875 0.06953125 0.145703125
0 0.71328125 0.7640625 0.0984375 0.252734375