0 0.13203125 0.36171875 0.060546875 0.10078125
0 0.322265625 0.241796875 0.0453125 0.043359375
0 0.205859375 0.37734375 0.06953125 0.10234375
0 0.323828125 0.3875 0.0625 0.091796875
0 0.21484375 0.26484375 0.060546875 0.07109375
0 0.671484375 0.328515625 0.034765625 0.077734375
0 0.5859375 0.3203125 0.032421875 0.080859375
0 0.31171875 0.30703125 0.0390625 0.060546875
0 0.3609375 0.3359375 0.044140625 0.075390625
0 0.55625 0.295703125 0.028125 0.058203125
0 0.1390625 0.30625 0.05625 0.0765625
0 0.312109375 0.226953125 0.04296875 0.0515625
0 0.4078125 0.22578125 0.03125 0.0625
0 0.75078125 0.23046875 0.028125 0.05546875
0 0.690625 0.171484375 0.021875 0.059765625