0 0.79296875 0.18046875 0.03046875 0.099609375
0 0.578515625 0.4265625 0.048828125 0.169140625
0 0.501171875 0.1484375 0.02734375 0.095703125
0 0.723046875 0.133984375 0.026953125 0.078515625
0 0.509765625 0.06953125 0.02421875 0.076953125
0 0.52734375 0.0265625 0.0296875 0.053125
0 0.669140625 0.117578125 0.021875 0.085546875
0 0.642578125 0.395703125 0.040234375 0.122265625
0 0.712890625 0.208984375 0.030078125 0.1015625
0 0.634765625 0.14765625 0.030859375 0.1140625
0 0.617578125 0.118359375 0.029296875 0.09375
0 0.6359375 0.571875 0.0609375 0.175
0 0.571484375 0.13125 0.02734375 0.0765625
0 0.55390625 0.0984375 0.0203125 0.075
0 0.575390625 0.08125 0.01796875 0.0765625
0 0.5921875 0.058984375 0.0203125 0.0625
0 0.66171875 0.034765625 0.0203125 0.04453125
0 0.667578125 0.06875 0.02734375 0.040234375
0 0.691015625 0.10078125 0.01953125 0.070703125
0 0.728125 0.0546875 0.021875 0.059765625
0 0.71484375 0.089453125 0.021875 0.06796875
0 0.614453125 0.0328125 0.01953125 0.0625