0 0.66171875 0.674609375 0.05078125 0.18515625
0 0.730078125 0.4875 0.037109375 0.116015625
0 0.5171875 0.570703125 0.055078125 0.1546875
0 0.416796875 0.39765625 0.0390625 0.11953125
0 0.518359375 0.333203125 0.044921875 0.08125
0 0.4421875 0.274609375 0.02890625 0.079296875
0 0.496875 0.369921875 0.038671875 0.08125
0 0.40234375 0.2640625 0.025390625 0.075
0 0.474609375 0.41328125 0.04375 0.087109375
0 0.366015625 0.274609375 0.0328125 0.07265625
0 0.460546875 0.326953125 0.02890625 0.07109375
0 0.55 0.48046875 0.04609375 0.138671875
0 0.68046875 0.45546875 0.036328125 0.1265625
0 0.537890625 0.167578125 0.03359375 0.0421875
0 0.58984375 0.441796875 0.03125 0.1078125
0 0.41328125 0.908984375 0.109375 0.18203125
0 0.717578125 0.352734375 0.03046875 0.09453125
0 0.708203125 0.2453125 0.02109375 0.045703125
0 0.641015625 0.26875 0.03203125 0.0484375
0 0.67421875 0.31796875 0.03125 0.075
0 0.628125 0.3875 0.0296875 0.083203125
0 0.480859375 0.253515625 0.03671875 0.05703125
0 0.637890625 0.1703125 0.02734375 0.0375
0 0.6859375 0.384765625 0.025 0.072265625
0 0.578515625 0.3546875 0.03359375 0.08203125