0 0.773828125 0.403125 0.030078125 0.1
0 0.49375 0.378515625 0.0265625 0.0890625
0 0.61640625 0.630859375 0.044140625 0.1125
0 0.548828125 0.6609375 0.05390625 0.173046875
0 0.626171875 0.386328125 0.025 0.081640625
0 0.54765625 0.34921875 0.026171875 0.07578125
0 0.6625 0.348046875 0.027734375 0.0765625
0 0.5890625 0.823046875 0.0625 0.2484375
0 0.692578125 0.433984375 0.03828125 0.1015625
0 0.418359375 0.208203125 0.01640625 0.047265625
0 0.71875 0.290234375 0.0171875 0.0609375
0 0.605859375 0.328515625 0.02109375 0.0625
0 0.503125 0.2875 0.025 0.0609375
0 0.443359375 0.21875 0.01171875 0.065234375
0 0.4625 0.220703125 0.0203125 0.05
0 0.542578125 0.301953125 0.02109375 0.054296875
0 0.576171875 0.3171875 0.01953125 0.065234375
0 0.698046875 0.3515625 0.01953125 0.047265625
0 0.698046875 0.310546875 0.01796875 0.054296875
0 0.654296875 0.289453125 0.02265625 0.0515625