0 0.778515625 0.473828125 0.1390625 0.253515625
0 0.71328125 0.577734375 0.108203125 0.2703125
0 0.533984375 0.673046875 0.062890625 0.321484375
0 0.641796875 0.61171875 0.07421875 0.320703125
0 0.590625 0.675 0.059375 0.34453125
0 0.37265625 0.283984375 0.1515625 0.21796875
0 0.15546875 0.7890625 0.1171875 0.316796875
0 0.211328125 0.58125 0.07734375 0.315234375
0 0.29453125 0.775 0.0859375 0.358203125
0 0.296875 0.504296875 0.1 0.233203125
0 0.368359375 0.702734375 0.10078125 0.325
0 0.382421875 0.484765625 0.10234375 0.25
0 0.451171875 0.6390625 0.10234375 0.3640625