0 0.38671875 0.30625 0.026953125 0.034765625
0 0.537890625 0.440625 0.023046875 0.050390625
0 0.582421875 0.393359375 0.021484375 0.040234375
0 0.55390625 0.380859375 0.026953125 0.043359375
0 0.53046875 0.40625 0.020703125 0.0421875
0 0.33515625 0.3046875 0.012109375 0.030859375
0 0.340234375 0.269140625 0.01328125 0.030859375
0 0.41953125 0.3015625 0.0171875 0.032421875
0 0.455078125 0.310546875 0.01640625 0.044140625
0 0.490625 0.333203125 0.015625 0.0375
0 0.532421875 0.33984375 0.02265625 0.032421875
0 0.63515625 0.384375 0.01640625 0.041796875
0 0.47265625 0.323046875 0.0125 0.0359375
0 0.472265625 0.296875 0.0125 0.0265625
0 0.30859375 0.301171875 0.01875 0.033203125
0 0.208984375 0.263671875 0.0265625 0.03671875
0 0.59765625 0.387890625 0.021875 0.055078125
0 0.606640625 0.370703125 0.01796875 0.0375
0 0.567578125 0.35390625 0.01484375 0.032421875
0 0.14609375 0.241796875 0.016796875 0.0265625