0 0.78203125 0.4703125 0.13203125 0.246484375
0 0.717578125 0.58515625 0.10703125 0.283203125
0 0.158984375 0.78671875 0.10859375 0.329296875
0 0.201171875 0.5984375 0.08515625 0.322265625
0 0.296875 0.49921875 0.1015625 0.2375
0 0.291015625 0.791015625 0.08984375 0.3484375
0 0.3703125 0.68046875 0.1109375 0.3109375
0 0.378125 0.47421875 0.09375 0.2515625
0 0.44921875 0.65078125 0.0734375 0.334765625
0 0.530859375 0.66953125 0.07890625 0.34453125
0 0.58515625 0.677734375 0.0828125 0.3140625
0 0.643359375 0.608203125 0.09296875 0.358203125
0 0.38515625 0.325 0.128125 0.252734375