0 0.883984375 0.846875 0.116796875 0.23203125
0 0.869140625 0.235546875 0.055859375 0.094140625
0 0.557421875 0.573828125 0.05234375 0.16484375
0 0.766796875 0.0171875 0.01796875 0.034375
0 0.6984375 0.708984375 0.048828125 0.231640625
0 0.348046875 0.53828125 0.057421875 0.172265625
0 0.41484375 0.483203125 0.03671875 0.16640625
0 0.801171875 0.5359375 0.051171875 0.196484375
0 0.680078125 0.16953125 0.0328125 0.090625
0 0.56953125 0.16328125 0.0234375 0.08125
0 0.49765625 0.53828125 0.03828125 0.182421875
0 0.62421875 0.197265625 0.0328125 0.09453125
0 0.655859375 0.222265625 0.02890625 0.077734375
0 0.661328125 0.16875 0.02578125 0.065234375
0 0.625 0.814453125 0.0828125 0.270703125
0 0.7625 0.57578125 0.0515625 0.20703125