0 0.498046875 0.6875 0.025390625 0.03359375
0 0.482421875 0.729296875 0.025 0.039453125
0 0.545703125 0.666015625 0.02734375 0.03125
0 0.350390625 0.68125 0.023828125 0.0375
0 0.45546875 0.689453125 0.0203125 0.046484375
0 0.213671875 0.758203125 0.028515625 0.03984375
0 0.407421875 0.705859375 0.019140625 0.04296875
0 0.383203125 0.68125 0.024609375 0.037109375
0 0.246484375 0.76015625 0.019921875 0.040625
0 0.14375 0.7046875 0.019921875 0.045703125
0 0.191796875 0.705859375 0.026953125 0.03046875
0 0.216796875 0.687109375 0.02734375 0.03828125
0 0.182421875 0.75625 0.02578125 0.03203125