0 0.527734375 0.77578125 0.344140625 0.432421875
0 0.64296875 0.35859375 0.113671875 0.13203125
0 0.531640625 0.30390625 0.07734375 0.090625
0 0.148828125 0.219140625 0.046484375 0.0546875
0 0.625390625 0.286328125 0.084765625 0.069921875
0 0.453125 0.24921875 0.0515625 0.06328125
0 0.303125 0.248046875 0.057421875 0.08046875
0 0.384765625 0.218359375 0.04765625 0.04921875
0 0.7265625 0.265234375 0.03984375 0.078515625
0 0.075390625 0.21171875 0.071875 0.065234375
0 0.896875 0.266015625 0.059375 0.062890625
0 0.162109375 0.1984375 0.04765625 0.03046875
0 0.7734375 0.247265625 0.0484375 0.05546875
0 0.491796875 0.22578125 0.03828125 0.0484375
0 0.572265625 0.2265625 0.03046875 0.0390625
0 0.447265625 0.203515625 0.02265625 0.0375