0 0.766796875 0.48203125 0.115234375 0.261328125
0 0.728125 0.590234375 0.11875 0.255078125
0 0.371875 0.295703125 0.134375 0.2140625
0 0.196484375 0.610546875 0.08671875 0.320703125
0 0.152734375 0.791015625 0.10859375 0.3125
0 0.271875 0.80703125 0.1 0.3359375
0 0.369921875 0.709765625 0.08828125 0.3
0 0.28828125 0.5015625 0.1125 0.25
0 0.36953125 0.489453125 0.096875 0.259765625
0 0.437890625 0.6671875 0.07578125 0.38203125
0 0.51640625 0.7296875 0.0671875 0.390234375
0 0.587890625 0.7125 0.05234375 0.352734375
0 0.64609375 0.622265625 0.109375 0.341796875