0 0.357421875 0.54375 0.401171875 0.490625
0 0.319921875 0.212890625 0.16953125 0.376953125
0 0.553515625 0.3578125 0.1484375 0.469921875
0 0.325390625 0.79140625 0.18203125 0.4171875
0 0.66953125 0.75625 0.27421875 0.487109375
0 0.636328125 0.513671875 0.223046875 0.464453125
0 0.505859375 0.770703125 0.15625 0.45859375
0 0.83515625 0.783984375 0.198828125 0.43203125
0 0.850390625 0.427734375 0.241796875 0.42421875
0 0.791015625 0.198046875 0.284765625 0.3328125
0 0.0890625 0.469921875 0.178125 0.46875
0 0.1875 0.360546875 0.176953125 0.364453125
0 0.1203125 0.79375 0.1921875 0.4125
0 0.68203125 0.127734375 0.134375 0.25546875
0 0.363671875 0.34375 0.25703125 0.352734375
0 0.922265625 0.353515625 0.155078125 0.315625
0 0.920703125 0.727734375 0.15859375 0.38984375