0 0.926171875 0.954296875 0.074609375 0.085546875
0 0.70546875 0.937890625 0.055859375 0.062109375
0 0.601171875 0.96015625 0.08203125 0.0796875
0 0.697265625 0.678515625 0.059375 0.07265625
0 0.894140625 0.6640625 0.0375 0.066015625
0 0.83671875 0.5703125 0.05078125 0.05625
0 0.15078125 0.474609375 0.0421875 0.05625
0 0.52109375 0.9 0.09765625 0.128125
0 0.016015625 0.70078125 0.03203125 0.0875
0 0.681640625 0.744921875 0.0453125 0.065234375
0 0.179296875 0.591015625 0.049609375 0.058984375
0 0.746484375 0.438671875 0.044140625 0.064453125
0 0.961328125 0.877734375 0.076953125 0.07421875
0 0.753515625 0.876953125 0.055078125 0.081640625
0 0.177734375 0.758984375 0.064453125 0.08046875
0 0.75546875 0.837890625 0.062890625 0.06015625
0 0.530859375 0.580859375 0.048828125 0.0546875
0 0.70703125 0.5328125 0.044921875 0.049609375
0 0.741015625 0.98203125 0.07578125 0.0359375
0 0.760546875 0.580078125 0.041796875 0.0546875
0 0.76015625 0.727734375 0.049609375 0.0671875
0 0.760546875 0.68359375 0.06015625 0.048828125
0 0.936328125 0.2875 0.03359375 0.068359375
0 0.21484375 0.558203125 0.04296875 0.089453125
0 0.941015625 0.29921875 0.024609375 0.03984375
0 0.171875 0.806640625 0.0453125 0.084765625
0 0.0640625 0.844921875 0.059765625 0.101953125
0 0.0859375 0.784765625 0.026953125 0.06328125
0 0.048046875 0.81328125 0.05234375 0.066015625
0 0.521875 0.807421875 0.0328125 0.090234375
0 0.12734375 0.5296875 0.0265625 0.054296875
0 0.506640625 0.466796875 0.04609375 0.053125
0 0.655859375 0.4609375 0.03359375 0.054296875
0 0.786328125 0.786328125 0.06875 0.09140625
0 0.800390625 0.90546875 0.03046875 0.1
0 0.830078125 0.93359375 0.036328125 0.0734375
0 0.8703125 0.9421875 0.04140625 0.09140625
0 0.8953125 0.86796875 0.048046875 0.06640625
0 0.9203125 0.887109375 0.06796875 0.03984375
0 0.948046875 0.9453125 0.08359375 0.094140625
0 0.8546875 0.7265625 0.04453125 0.06328125
0 0.912109375 0.75078125 0.076171875 0.04140625
0 0.9625 0.58984375 0.025 0.045703125
0 0.98203125 0.493359375 0.0359375 0.070703125
0 0.9328125 0.532421875 0.04453125 0.0515625
0 0.59765625 0.66328125 0.05390625 0.06640625
0 0.44453125 0.47421875 0.045703125 0.053125
0 0.098046875 0.362890625 0.032421875 0.0484375
0 0.058203125 0.38515625 0.02421875 0.0515625
0 0.074609375 0.45703125 0.0265625 0.054296875
0 0.848046875 0.30703125 0.033203125 0.03671875
0 0.79609375 0.299609375 0.033203125 0.0515625
0 0.82578125 0.418359375 0.0265625 0.055859375