0 0.936328125 0.096484375 0.126953125 0.15078125
0 0.45234375 0.3859375 0.14296875 0.161328125
0 0.605078125 0.055859375 0.0984375 0.111328125
0 0.130859375 0.2671875 0.155078125 0.21796875
0 0.698828125 0.128125 0.07734375 0.196875
0 0.9421875 0.74453125 0.115625 0.280078125
0 0.446484375 0.042578125 0.1484375 0.08515625
0 0.10078125 0.906640625 0.2015625 0.174609375
0 0.5859375 0.41875 0.106640625 0.289453125
0 0.501953125 0.53984375 0.11796875 0.2
0 0.711328125 0.496484375 0.16953125 0.17265625
0 0.1875 0.70234375 0.12578125 0.129296875
0 0.49375 0.8078125 0.0921875 0.29296875
0 0.066015625 0.628125 0.0953125 0.21171875
0 0.3890625 0.687109375 0.0921875 0.35
0 0.283203125 0.85546875 0.084765625 0.2890625
0 0.251953125 0.3671875 0.079296875 0.321484375
0 0.09453125 0.47421875 0.09375 0.190625
0 0.06875 0.77890625 0.135546875 0.1578125
0 0.15078125 0.923828125 0.156640625 0.15234375
0 0.76484375 0.475390625 0.09453125 0.291015625
0 0.901171875 0.42734375 0.14296875 0.266796875
0 0.816015625 0.283203125 0.07734375 0.294140625
0 0.870703125 0.188671875 0.07578125 0.296875
0 0.8953125 0.80546875 0.154296875 0.294140625
0 0.875 0.879296875 0.132421875 0.24140625
0 0.716796875 0.81484375 0.17578125 0.24375
0 0.08984375 0.19296875 0.137890625 0.205078125
0 0.0390625 0.111328125 0.075 0.162109375
0 0.085546875 0.05234375 0.096875 0.1046875
0 0.351953125 0.338671875 0.106640625 0.283984375
0 0.559765625 0.780078125 0.09765625 0.3125
0 0.946484375 0.2625 0.10703125 0.2265625