0 0.3546875 0.237890625 0.01875 0.009765625
0 0.378515625 0.3875 0.01484375 0.0234375
0 0.37109375 0.494921875 0.016796875 0.008984375
0 0.534375 0.544921875 0.009765625 0.019921875
0 0.4109375 0.0359375 0.016796875 0.020703125
0 0.37265625 0.05859375 0.016015625 0.028515625
0 0.401953125 0.078515625 0.009375 0.0296875
0 0.422265625 0.06171875 0.017578125 0.016015625
0 0.433984375 0.055859375 0.012109375 0.025390625
0 0.2828125 0.047265625 0.02109375 0.0125
0 0.253515625 0.0390625 0.018359375 0.01875
0 0.255078125 0.165625 0.008984375 0.028125
0 0.27265625 0.2125 0.008203125 0.028515625
0 0.217578125 0.07421875 0.01484375 0.026953125
0 0.436328125 0.650390625 0.014453125 0.013671875
0 0.40703125 0.682421875 0.008203125 0.02265625
0 0.5171875 0.683203125 0.005859375 0.02578125
0 0.536328125 0.670703125 0.01796875 0.014453125
0 0.424609375 0.720703125 0.016796875 0.01484375
0 0.541796875 0.7140625 0.015625 0.01015625
0 0.607421875 0.654296875 0.019921875 0.01796875
0 0.837109375 0.585546875 0.019921875 0.015234375