0 0.07890625 0.036328125 0.008984375 0.030859375
0 0.187109375 0.0453125 0.0234375 0.023828125
0 0.25546875 0.076171875 0.011328125 0.028515625
0 0.30546875 0.064453125 0.009375 0.0328125
0 0.31171875 0.108203125 0.01796875 0.034375
0 0.223046875 0.18828125 0.01875 0.012109375
0 0.4046875 0.16953125 0.018359375 0.01171875
0 0.285546875 0.40078125 0.009375 0.0390625
0 0.31484375 0.472265625 0.01953125 0.0234375
0 0.359375 0.51640625 0.0140625 0.026953125
0 0.357421875 0.5578125 0.019140625 0.0140625
0 0.27421875 0.416015625 0.0234375 0.0109375
0 0.2640625 0.427734375 0.0234375 0.01015625
0 0.284765625 0.43984375 0.020703125 0.021875
0 0.236328125 0.437890625 0.018359375 0.01328125
0 0.24140625 0.45078125 0.007421875 0.021484375
0 0.345703125 0.630078125 0.00859375 0.021875
0 0.3296875 0.6953125 0.017578125 0.016015625
0 0.354296875 0.93359375 0.018359375 0.015625
0 0.50078125 0.858984375 0.016796875 0.0140625
0 0.531640625 0.872265625 0.008984375 0.03046875
0 0.551171875 0.84609375 0.0140625 0.021484375
0 0.58515625 0.7984375 0.016015625 0.02265625