0 0.129296875 0.03359375 0.01328125 0.040625
0 0.100390625 0.080859375 0.015234375 0.036328125
0 0.14609375 0.096875 0.010546875 0.034375
0 0.16484375 0.073828125 0.0125 0.041015625
0 0.230078125 0.097265625 0.00859375 0.036328125
0 0.181640625 0.11796875 0.012109375 0.037890625
0 0.19609375 0.26484375 0.01640625 0.03359375
0 0.375390625 0.2796875 0.026171875 0.013671875
0 0.44453125 0.09765625 0.022265625 0.02109375
0 0.434765625 0.18046875 0.01484375 0.025390625
0 0.493359375 0.330078125 0.023046875 0.01328125
0 0.56328125 0.359375 0.02109375 0.02421875
0 0.536328125 0.405859375 0.025 0.014453125
0 0.63671875 0.472265625 0.019140625 0.02890625
0 0.553515625 0.562109375 0.012109375 0.041015625
0 0.612890625 0.5859375 0.015234375 0.026953125
0 0.467578125 0.443359375 0.018359375 0.02890625
0 0.48125 0.4875 0.019140625 0.01953125
0 0.4484375 0.483984375 0.022265625 0.01640625
0 0.44375 0.51328125 0.023828125 0.0171875
0 0.43125 0.575 0.021875 0.01875
0 0.362109375 0.59375 0.020703125 0.0234375
0 0.422265625 0.594140625 0.01796875 0.021875
0 0.03828125 0.147265625 0.0296875 0.023046875
0 0.065625 0.252734375 0.018359375 0.0375
0 0.037109375 0.31796875 0.025390625 0.01796875
0 0.045703125 0.375390625 0.030859375 0.018359375
0 0.242578125 0.376953125 0.0234375 0.0140625
0 0.290625 0.688671875 0.018359375 0.023828125
0 0.4046875 0.647265625 0.011328125 0.032421875
0 0.386328125 0.6578125 0.0125 0.0296875
0 0.3828125 0.6984375 0.022265625 0.018359375
0 0.445703125 0.6703125 0.023828125 0.0203125
0 0.451171875 0.6859375 0.02265625 0.0171875
0 0.507421875 0.69453125 0.008203125 0.03125
0 0.490625 0.76953125 0.0125 0.026171875
0 0.480078125 0.823828125 0.024609375 0.01640625
0 0.52578125 0.84609375 0.01171875 0.028515625
0 0.377734375 0.746484375 0.02265625 0.0171875
0 0.65625 0.61953125 0.025 0.01953125
0 0.871484375 0.5828125 0.0171875 0.019921875
0 0.648828125 0.8 0.018359375 0.02109375
0 0.795703125 0.909765625 0.02421875 0.018359375
0 0.617578125 0.88203125 0.02421875 0.020703125
0 0.740234375 0.9796875 0.025390625 0.021484375
0 0.9734375 0.83046875 0.025390625 0.0140625
0 0.94140625 0.96953125 0.019140625 0.01796875