0 0.11015625 0.05703125 0.0171875 0.0296875
0 0.198046875 0.19375 0.025 0.018359375
0 0.27890625 0.20625 0.024609375 0.023046875
0 0.2578125 0.259375 0.0265625 0.016015625
0 0.190234375 0.3171875 0.015625 0.030859375
0 0.373828125 0.301171875 0.0171875 0.032421875
0 0.055859375 0.1796875 0.024609375 0.0203125
0 0.17578125 0.366796875 0.023046875 0.01875
0 0.212890625 0.36171875 0.019140625 0.026171875
0 0.176171875 0.40234375 0.025 0.016796875
0 0.17265625 0.4703125 0.023828125 0.019140625
0 0.16640625 0.49296875 0.019140625 0.025390625
0 0.30390625 0.41875 0.015234375 0.034375
0 0.36875 0.422265625 0.01796875 0.02578125
0 0.408203125 0.45234375 0.021484375 0.020703125
0 0.440625 0.630078125 0.026171875 0.01640625
0 0.27734375 0.566796875 0.0125 0.033984375
0 0.271484375 0.653515625 0.013671875 0.028125
0 0.205078125 0.565625 0.02734375 0.019921875
0 0.215234375 0.580859375 0.0234375 0.021484375
0 0.2671875 0.713671875 0.025390625 0.01953125
0 0.3234375 0.7203125 0.010546875 0.034375
0 0.421484375 0.73203125 0.01953125 0.02734375
0 0.6046875 0.68828125 0.021875 0.011328125
0 0.563671875 0.77734375 0.023046875 0.0125
0 0.098046875 0.514453125 0.0203125 0.033203125
0 0.15703125 0.5546875 0.01171875 0.034375
0 0.13671875 0.574609375 0.0140625 0.034375
0 0.140234375 0.61953125 0.02421875 0.01953125
0 0.13828125 0.674609375 0.025390625 0.020703125
0 0.031640625 0.644921875 0.026953125 0.020703125
0 0.619921875 0.346875 0.017578125 0.01640625
0 0.7546875 0.554296875 0.01953125 0.015234375
0 0.75 0.696875 0.018359375 0.010546875
0 0.6609375 0.758984375 0.019140625 0.019921875
0 0.958203125 0.655859375 0.014453125 0.02265625
0 0.951171875 0.694921875 0.0109375 0.032421875
0 0.81328125 0.805078125 0.0140625 0.023828125
0 0.983984375 0.941015625 0.019140625 0.023828125