0 0.56640625 0.08046875 0.016015625 0.026171875
0 0.71796875 0.1875 0.0296875 0.01796875
0 0.742578125 0.330859375 0.01328125 0.0390625
0 0.48515625 0.416796875 0.009765625 0.036328125
0 0.83359375 0.356640625 0.021484375 0.020703125
0 0.85 0.633984375 0.01328125 0.039453125
0 0.767578125 0.643359375 0.020703125 0.03359375
0 0.85703125 0.72421875 0.02265625 0.028125
0 0.85859375 0.801953125 0.017578125 0.031640625
0 0.819921875 0.811328125 0.01875 0.020703125
0 0.766796875 0.83984375 0.02109375 0.025390625
0 0.75390625 0.9015625 0.015625 0.03515625
0 0.789453125 0.898046875 0.01796875 0.025390625
0 0.783203125 0.9125 0.014453125 0.029296875
0 0.831640625 0.964453125 0.013671875 0.023828125
0 0.790234375 0.966796875 0.017578125 0.024609375
0 0.80546875 0.9796875 0.019140625 0.018359375
0 0.7515625 0.9734375 0.016015625 0.018359375
0 0.7375 0.974609375 0.014453125 0.02265625
0 0.646875 0.771484375 0.012890625 0.031640625
0 0.66640625 0.848828125 0.0203125 0.0203125
0 0.553515625 0.9359375 0.0109375 0.03203125
0 0.59296875 0.947265625 0.0171875 0.03125
0 0.662890625 0.961328125 0.018359375 0.01796875
0 0.56953125 0.801953125 0.021875 0.0203125