0 0.08671875 0.81640625 0.01953125 0.05
0 0.069921875 0.683203125 0.026171875 0.038671875
0 0.1984375 0.6375 0.034375 0.032421875
0 0.183203125 0.44921875 0.02421875 0.0234375
0 0.225 0.316796875 0.019921875 0.040625
0 0.24296875 0.3515625 0.030078125 0.026953125
0 0.280078125 0.40390625 0.028515625 0.034765625
0 0.4984375 0.7453125 0.0296875 0.0234375
0 0.4046875 0.8890625 0.026953125 0.0296875
0 0.7265625 0.951171875 0.016015625 0.0484375
0 0.8015625 0.926171875 0.016015625 0.040234375
0 0.941796875 0.931640625 0.0265625 0.0421875
0 0.8609375 0.71171875 0.02890625 0.027734375