0 0.449609375 0.5875 0.0171875 0.019140625
0 0.44140625 0.658984375 0.007421875 0.028125
0 0.53046875 0.675 0.017578125 0.015234375
0 0.55390625 0.78828125 0.016796875 0.012109375
0 0.587109375 0.699609375 0.01171875 0.029296875
0 0.6296875 0.68828125 0.009375 0.027734375
0 0.646875 0.745703125 0.016796875 0.025390625
0 0.713671875 0.7734375 0.018359375 0.01328125
0 0.595703125 0.951171875 0.008203125 0.027734375
0 0.58984375 0.973828125 0.0203125 0.0171875
0 0.5828125 0.980078125 0.017578125 0.0125