0 0.289453125 0.200390625 0.019140625 0.0265625
0 0.35546875 0.174609375 0.021484375 0.018359375
0 0.478125 0.1515625 0.01171875 0.034375
0 0.348046875 0.194921875 0.0171875 0.021484375
0 0.333984375 0.25 0.011328125 0.034375
0 0.315234375 0.264453125 0.01171875 0.033203125
0 0.373046875 0.269921875 0.024609375 0.01875
0 0.380859375 0.288671875 0.020703125 0.01796875
0 0.4359375 0.286328125 0.012890625 0.034375
0 0.4234375 0.371875 0.012109375 0.028125
0 0.31328125 0.30625 0.019921875 0.016796875
0 0.224609375 0.30390625 0.019921875 0.017578125
0 0.30078125 0.35703125 0.02265625 0.019921875
0 0.385546875 0.034765625 0.0171875 0.0296875
0 0.37109375 0.076953125 0.02734375 0.019140625
0 0.401953125 0.080078125 0.0171875 0.02265625
0 0.366015625 0.1125 0.02265625 0.01640625
0 0.558984375 0.048046875 0.0171875 0.032421875
0 0.540234375 0.16796875 0.016796875 0.027734375
0 0.56171875 0.212109375 0.026953125 0.018359375
0 0.58671875 0.3953125 0.025 0.016015625
0 0.55625 0.4921875 0.019921875 0.025
0 0.70390625 0.596484375 0.02421875 0.01328125
0 0.762890625 0.516015625 0.024609375 0.01875
0 0.822265625 0.619140625 0.021484375 0.03125
0 0.46171875 0.452734375 0.0109375 0.029296875
0 0.412109375 0.427734375 0.0234375 0.012890625
0 0.823828125 0.148828125 0.0203125 0.026171875
0 0.96875 0.424609375 0.026953125 0.019140625
0 0.94296875 0.588671875 0.025 0.017578125
0 0.215625 0.7953125 0.026953125 0.01484375
0 0.07109375 0.684765625 0.019921875 0.030859375
0 0.097265625 0.665234375 0.025 0.019140625
0 0.106640625 0.72890625 0.0171875 0.03203125