0 0.8375 0.026171875 0.0140625 0.026171875
0 0.876171875 0.026953125 0.016796875 0.01875
0 0.931640625 0.384765625 0.01171875 0.02578125
0 0.89140625 0.413671875 0.0078125 0.02421875
0 0.852734375 0.453125 0.008203125 0.0296875
0 0.8125 0.548828125 0.0140625 0.026953125
0 0.822265625 0.587109375 0.021875 0.0171875
0 0.85546875 0.66796875 0.01171875 0.02109375
0 0.886328125 0.69296875 0.013671875 0.0234375
0 0.891796875 0.673828125 0.011328125 0.029296875
0 0.875390625 0.660546875 0.022265625 0.019140625
0 0.87265625 0.65078125 0.01875 0.01484375
0 0.7953125 0.8578125 0.010546875 0.015234375
0 0.725390625 0.90703125 0.01015625 0.021484375
0 0.687109375 0.961328125 0.01484375 0.020703125
0 0.7421875 0.9625 0.019140625 0.018359375
0 0.653125 0.738671875 0.00859375 0.02578125