0 0.935546875 0.09609375 0.02578125 0.040625
0 0.9546875 0.280859375 0.018359375 0.03359375
0 0.898046875 0.284375 0.021875 0.026171875
0 0.76796875 0.808984375 0.01796875 0.016796875
0 0.84921875 0.784765625 0.02265625 0.0140625
0 0.93671875 0.746875 0.015234375 0.037109375
0 0.956640625 0.7703125 0.02109375 0.016796875
0 0.959765625 0.842578125 0.01171875 0.0328125
0 0.77734375 0.8890625 0.019921875 0.01796875
0 0.925390625 0.9015625 0.019140625 0.026171875
0 0.94140625 0.97890625 0.020703125 0.023828125