0 0.208984375 0.043359375 0.027734375 0.03359375
0 0.082421875 0.209375 0.030078125 0.02734375
0 0.330078125 0.5640625 0.022265625 0.019921875
0 0.301953125 0.634375 0.02109375 0.02421875
0 0.374609375 0.75078125 0.008984375 0.02890625
0 0.30078125 0.808203125 0.019140625 0.027734375
0 0.36015625 0.860546875 0.020703125 0.01796875
0 0.2078125 0.78828125 0.012109375 0.02734375
0 0.20625 0.708984375 0.02265625 0.026953125
0 0.21171875 0.636328125 0.014453125 0.031640625
0 0.0234375 0.827734375 0.01328125 0.034765625