0 0.135546875 0.098046875 0.013671875 0.03125
0 0.321875 0.062109375 0.017578125 0.040234375
0 0.3171875 0.101171875 0.018359375 0.031640625
0 0.3109375 0.1515625 0.018359375 0.0234375
0 0.132421875 0.197265625 0.022265625 0.02265625
0 0.339453125 0.2890625 0.0140625 0.03515625
0 0.28515625 0.251953125 0.019921875 0.029296875
0 0.279296875 0.26796875 0.0171875 0.037109375
0 0.156640625 0.32578125 0.018359375 0.02421875
0 0.19296875 0.358984375 0.015625 0.03203125
0 0.233203125 0.342578125 0.015625 0.031640625
0 0.249609375 0.343359375 0.0203125 0.021875
0 0.287109375 0.333984375 0.02265625 0.02265625
0 0.3328125 0.337890625 0.015234375 0.02578125
0 0.284375 0.419140625 0.023046875 0.028125
0 0.34609375 0.401953125 0.01796875 0.026171875
0 0.365234375 0.39765625 0.016015625 0.041796875
0 0.158984375 0.544921875 0.02578125 0.024609375
0 0.35703125 0.893359375 0.01875 0.02109375
0 0.326171875 0.953515625 0.015625 0.027734375
0 0.244140625 0.938671875 0.013671875 0.030078125
0 0.6421875 0.38125 0.016796875 0.026171875
0 0.65546875 0.4328125 0.00859375 0.033203125
0 0.710546875 0.361328125 0.020703125 0.028125
0 0.719140625 0.31640625 0.0171875 0.03359375
0 0.05546875 0.133984375 0.0234375 0.02265625
0 0.0734375 0.145703125 0.02734375 0.01875
0 0.065625 0.259765625 0.028125 0.013671875
0 0.009375 0.301953125 0.015625 0.03671875
0 0.04140625 0.2921875 0.012890625 0.03671875
0 0.03671875 0.31328125 0.0265625 0.0234375
0 0.0484375 0.340625 0.025390625 0.0171875
0 0.028125 0.403125 0.02265625 0.02265625