0 0.271875 0.057421875 0.01484375 0.03984375
0 0.2890625 0.08359375 0.0328125 0.03203125
0 0.326171875 0.127734375 0.026953125 0.03515625
0 0.24140625 0.1828125 0.029296875 0.02421875
0 0.264453125 0.356640625 0.02734375 0.030078125
0 0.154296875 0.4125 0.02109375 0.042578125
0 0.018359375 0.41953125 0.021484375 0.037890625
0 0.173046875 0.53203125 0.014453125 0.041015625
0 0.4640625 0.577734375 0.024609375 0.03359375
0 0.54921875 0.428515625 0.028515625 0.025390625
0 0.473046875 0.76171875 0.028125 0.02578125
0 0.445703125 0.844140625 0.024609375 0.034375
0 0.596484375 0.79453125 0.0265625 0.0421875
0 0.791796875 0.61328125 0.016796875 0.04453125
0 0.6578125 0.73671875 0.024609375 0.0390625
0 0.93125 0.3515625 0.028515625 0.027734375
0 0.873828125 0.580078125 0.02578125 0.04921875