0 0.305859375 0.26796875 0.01953125 0.014453125
0 0.29453125 0.3453125 0.005859375 0.026953125
0 0.389453125 0.36640625 0.02109375 0.017578125
0 0.446484375 0.3984375 0.01015625 0.026953125
0 0.49140625 0.390625 0.01015625 0.026171875
0 0.50078125 0.44140625 0.0140625 0.02890625
0 0.410546875 0.491796875 0.01875 0.009765625
0 0.574609375 0.49140625 0.01875 0.01328125
0 0.4484375 0.68046875 0.005859375 0.031640625
0 0.465625 0.75234375 0.019140625 0.01796875
0 0.4453125 0.72421875 0.01796875 0.022265625
0 0.400390625 0.7125 0.014453125 0.009375
0 0.43203125 0.703515625 0.01953125 0.009765625
0 0.44140625 0.69609375 0.020703125 0.0171875
0 0.50625 0.799609375 0.0125 0.0265625
0 0.50078125 0.8328125 0.0171875 0.016015625
0 0.48359375 0.89609375 0.005859375 0.02265625
0 0.46484375 0.952734375 0.01640625 0.021484375