0 0.133203125 0.22890625 0.0234375 0.01171875
0 0.271875 0.23671875 0.02265625 0.01640625
0 0.3484375 0.086328125 0.02265625 0.021484375
0 0.05 0.281640625 0.01953125 0.020703125
0 0.06171875 0.3453125 0.0203125 0.020703125
0 0.085546875 0.439453125 0.015234375 0.026953125
0 0.03046875 0.462109375 0.019140625 0.009765625
0 0.014453125 0.5078125 0.01484375 0.0234375
0 0.0484375 0.509375 0.02109375 0.014453125
0 0.0390625 0.534765625 0.014453125 0.01875
0 0.059765625 0.536328125 0.008984375 0.024609375
0 0.069140625 0.5390625 0.01328125 0.02265625