0 0.353515625 0.01875 0.01875 0.016015625
0 0.362109375 0.18046875 0.01484375 0.025390625
0 0.341796875 0.295703125 0.018359375 0.011328125
0 0.50625 0.3859375 0.012109375 0.02109375
0 0.396484375 0.476953125 0.015234375 0.01328125
0 0.3609375 0.505859375 0.0078125 0.025390625
0 0.378125 0.54609375 0.01640625 0.007421875
0 0.479296875 0.51953125 0.006640625 0.025390625
0 0.498046875 0.517578125 0.0171875 0.011328125
0 0.500390625 0.56328125 0.015625 0.01015625
0 0.571875 0.511328125 0.019921875 0.019140625