0 0.973046875 0.151953125 0.013671875 0.03125
0 0.933203125 0.178125 0.00859375 0.02421875
0 0.892578125 0.21640625 0.010546875 0.031640625
0 0.8515625 0.31171875 0.014453125 0.0265625
0 0.859375 0.35390625 0.023828125 0.01796875
0 0.89296875 0.44140625 0.012890625 0.026171875
0 0.914453125 0.43359375 0.023828125 0.01875
0 0.93125 0.455859375 0.009375 0.02578125
0 0.923046875 0.4734375 0.012109375 0.025390625
0 0.89765625 0.4265625 0.0125 0.022265625
0 0.91171875 0.424609375 0.017578125 0.016015625
0 0.687890625 0.509375 0.01015625 0.028515625
0 0.759375 0.6953125 0.011328125 0.01875
0 0.717578125 0.751953125 0.017578125 0.020703125
0 0.77578125 0.75078125 0.019921875 0.01796875
0 0.82890625 0.6390625 0.0125 0.020703125
0 0.854296875 0.831640625 0.0125 0.020703125
0 0.8109375 0.928125 0.012109375 0.028125
0 0.759375 0.90859375 0.013671875 0.032421875