0 0.64921875 0.221875 0.00703125 0.024609375
0 0.809765625 0.141796875 0.016015625 0.016015625
0 0.835546875 0.246484375 0.0140625 0.026953125
0 0.90859375 0.364453125 0.019921875 0.01328125
0 0.983984375 0.334375 0.012890625 0.025
0 0.905859375 0.5171875 0.011328125 0.025
0 0.921875 0.51796875 0.01328125 0.016015625
0 0.962109375 0.56171875 0.01875 0.014453125
0 0.916796875 0.56171875 0.01171875 0.02890625
0 0.8828125 0.557421875 0.016015625 0.0140625
0 0.88125 0.5703125 0.015234375 0.0140625
0 0.9203125 0.6796875 0.02109375 0.0171875
0 0.97109375 0.718359375 0.021875 0.01328125