0 0.34921875 0.021484375 0.019921875 0.01328125
0 0.4 0.10859375 0.01484375 0.021484375
0 0.28046875 0.14296875 0.01953125 0.022265625
0 0.3671875 0.170703125 0.014453125 0.019921875
0 0.38828125 0.224609375 0.015234375 0.021875
0 0.354296875 0.25859375 0.01953125 0.0203125
0 0.384765625 0.26484375 0.008984375 0.0296875
0 0.269140625 0.266015625 0.019921875 0.015234375
0 0.24140625 0.26328125 0.01875 0.0125
0 0.26171875 0.38125 0.008203125 0.028125
0 0.21015625 0.09140625 0.019921875 0.02109375
0 0.215234375 0.30546875 0.0171875 0.0171875
0 0.280859375 0.417578125 0.012109375 0.025390625
0 0.360546875 0.42578125 0.019140625 0.0125
0 0.413671875 0.23828125 0.01171875 0.02109375
0 0.405078125 0.248046875 0.018359375 0.011328125
0 0.40078125 0.5546875 0.01328125 0.01796875
0 0.40625 0.646875 0.0140625 0.01015625
0 0.56484375 0.660546875 0.00859375 0.0171875
0 0.31484375 0.6390625 0.012109375 0.018359375