0 0.83359375 0.04765625 0.021484375 0.02890625
0 0.8921875 0.051171875 0.01875 0.03828125
0 0.95703125 0.211328125 0.021875 0.014453125
0 0.978125 0.300390625 0.021484375 0.015234375
0 0.8640625 0.5484375 0.0171875 0.03203125
0 0.88515625 0.57734375 0.025 0.012890625
0 0.7734375 0.58515625 0.023828125 0.0125
0 0.884375 0.65390625 0.0125 0.034375
0 0.848046875 0.716015625 0.0203125 0.02421875
0 0.860546875 0.8 0.022265625 0.020703125
0 0.687890625 0.603515625 0.01953125 0.015234375
0 0.698046875 0.69453125 0.021875 0.015234375