0 0.0453125 0.199609375 0.0375 0.01875
0 0.022265625 0.72109375 0.033984375 0.030859375
0 0.03046875 0.7578125 0.023828125 0.047265625
0 0.13046875 0.763671875 0.023046875 0.046484375
0 0.173828125 0.659375 0.02734375 0.041015625
0 0.196875 0.781640625 0.03359375 0.0296875
0 0.262109375 0.85078125 0.02265625 0.034375
0 0.134765625 0.925 0.030859375 0.0328125
0 0.34765625 0.5890625 0.0234375 0.03828125
0 0.43671875 0.516015625 0.02109375 0.0421875
0 0.442578125 0.47578125 0.029296875 0.026953125
0 0.597265625 0.096875 0.018359375 0.037890625