0 0.476953125 0.35546875 0.021875 0.01953125
0 0.446875 0.428125 0.019921875 0.025390625
0 0.52265625 0.55234375 0.009765625 0.03046875
0 0.44921875 0.612109375 0.019921875 0.02421875
0 0.508984375 0.671484375 0.019921875 0.015234375
0 0.362109375 0.437890625 0.013671875 0.03359375
0 0.356640625 0.508203125 0.0203125 0.025390625
0 0.358203125 0.59296875 0.01171875 0.028125
0 0.016796875 0.328515625 0.031640625 0.015625
0 0.01328125 0.458203125 0.01484375 0.036328125
0 0.065625 0.501953125 0.012890625 0.033984375
0 0.027734375 0.518359375 0.01796875 0.033203125
0 0.116015625 0.559375 0.01171875 0.041796875
0 0.091015625 0.55390625 0.028515625 0.01171875
0 0.18125 0.630859375 0.0140625 0.030859375
0 0.083984375 0.664453125 0.02109375 0.03359375
0 0.163671875 0.719921875 0.017578125 0.02578125
0 0.119140625 0.88125 0.023046875 0.026953125
0 0.1734375 0.896875 0.018359375 0.025390625
0 0.875 0.817578125 0.023046875 0.013671875
0 0.228515625 0.965234375 0.02421875 0.01796875
0 0.00703125 0.972265625 0.0140625 0.033984375