0 0.483984375 0.20390625 0.008984375 0.038671875
0 0.74296875 0.1453125 0.011328125 0.03984375
0 0.8265625 0.179296875 0.025390625 0.020703125
0 0.832421875 0.458203125 0.01328125 0.034375
0 0.755859375 0.4609375 0.02109375 0.03359375
0 0.8390625 0.553515625 0.019140625 0.032421875
0 0.63125 0.591796875 0.012890625 0.0328125
0 0.551953125 0.622265625 0.0234375 0.01796875
0 0.64765625 0.675390625 0.021484375 0.021484375
0 0.834765625 0.633203125 0.01640625 0.03203125
0 0.798046875 0.642578125 0.018359375 0.018359375
0 0.748046875 0.66875 0.020703125 0.028515625
0 0.730859375 0.735546875 0.0140625 0.03671875
0 0.765625 0.73359375 0.01484375 0.0265625
0 0.758203125 0.748828125 0.0140625 0.028515625
0 0.52734375 0.7671875 0.0125 0.03359375
0 0.565234375 0.779296875 0.020703125 0.03359375
0 0.6375 0.798828125 0.019921875 0.02109375
0 0.620703125 0.838671875 0.024609375 0.02109375
0 0.560546875 0.88203125 0.019140625 0.0265625
0 0.670703125 0.82734375 0.01328125 0.0265625
0 0.651171875 0.84375 0.011328125 0.03046875
0 0.710546875 0.812890625 0.013671875 0.02578125
0 0.72421875 0.810546875 0.015625 0.025390625
0 0.75 0.8765625 0.019921875 0.020703125
0 0.76171875 0.806640625 0.017578125 0.028125
0 0.776171875 0.820703125 0.01953125 0.021484375
0 0.801953125 0.805078125 0.01171875 0.026171875
0 0.863671875 0.8390625 0.01328125 0.023046875
0 0.834375 0.922265625 0.010546875 0.028125