0 0.100390625 0.15390625 0.026171875 0.02109375
0 0.1671875 0.14140625 0.01484375 0.0359375
0 0.1828125 0.2046875 0.01875 0.03671875
0 0.217578125 0.187890625 0.0125 0.038671875
0 0.246484375 0.23515625 0.023828125 0.016015625
0 0.27265625 0.22734375 0.011328125 0.0328125
0 0.237109375 0.355078125 0.019921875 0.035546875
0 0.3296875 0.32265625 0.0140625 0.028125
0 0.312890625 0.415234375 0.0171875 0.026171875
0 0.151171875 0.577734375 0.0125 0.03828125
0 0.16640625 0.666796875 0.012109375 0.033984375
0 0.206640625 0.7 0.012109375 0.0296875
0 0.27109375 0.580078125 0.019921875 0.025390625
0 0.32109375 0.6 0.02109375 0.02421875
0 0.378125 0.66953125 0.022265625 0.015234375
0 0.19296875 0.74765625 0.02421875 0.0140625
0 0.629296875 0.021875 0.021875 0.020703125
0 0.59765625 0.103125 0.019921875 0.02578125
0 0.509765625 0.1109375 0.01484375 0.03125
0 0.505078125 0.193359375 0.022265625 0.0265625
0 0.675390625 0.238671875 0.011328125 0.0328125
0 0.506640625 0.2875 0.009765625 0.034765625
0 0.597265625 0.303515625 0.021875 0.025390625
0 0.661328125 0.367578125 0.02265625 0.016015625