0 0.812109375 0.053515625 0.01875 0.0171875
0 0.886328125 0.033203125 0.012890625 0.03046875
0 0.905859375 0.05 0.0140625 0.02734375
0 0.916015625 0.1734375 0.0203125 0.021875
0 0.8234375 0.215234375 0.013671875 0.020703125
0 0.8609375 0.26484375 0.0171875 0.016796875
0 0.8078125 0.21171875 0.0109375 0.03125
0 0.7859375 0.25234375 0.012890625 0.015234375
0 0.8171875 0.258984375 0.008984375 0.028125
0 0.782421875 0.2640625 0.01484375 0.01953125
0 0.959375 0.111328125 0.02265625 0.011328125
0 0.95625 0.16953125 0.018359375 0.02265625
0 0.869140625 0.42578125 0.019140625 0.012890625
0 0.924609375 0.46015625 0.019140625 0.016796875
0 0.885546875 0.588671875 0.020703125 0.0140625
0 0.9140625 0.763671875 0.0171875 0.0171875
0 0.9453125 0.76015625 0.01328125 0.02578125
0 0.9640625 0.7453125 0.018359375 0.014453125
0 0.78359375 0.73359375 0.00859375 0.023828125
0 0.790625 0.8953125 0.0125 0.028125
0 0.8609375 0.840625 0.018359375 0.016796875
0 0.81953125 0.380859375 0.01953125 0.01953125
0 0.978125 0.29375 0.019921875 0.0140625
0 0.976953125 0.31171875 0.02109375 0.01796875