0 0.27421875 0.034765625 0.019921875 0.0265625
0 0.274609375 0.06640625 0.016796875 0.02421875
0 0.253125 0.047265625 0.02734375 0.0140625
0 0.22734375 0.064453125 0.019140625 0.01171875
0 0.234765625 0.08125 0.010546875 0.02734375
0 0.25 0.06328125 0.022265625 0.016015625
0 0.316015625 0.10234375 0.02109375 0.020703125
0 0.357421875 0.153125 0.0140625 0.02734375
0 0.3578125 0.204296875 0.020703125 0.015234375
0 0.348046875 0.289453125 0.0109375 0.020703125
0 0.33203125 0.358984375 0.017578125 0.0171875
0 0.3625 0.6265625 0.017578125 0.01171875
0 0.516015625 0.5578125 0.016015625 0.011328125
0 0.5515625 0.574609375 0.01015625 0.030859375
0 0.572265625 0.548828125 0.015234375 0.022265625
0 0.462109375 0.73359375 0.007421875 0.0296875
0 0.421484375 0.773828125 0.010546875 0.02890625
0 0.609375 0.494921875 0.01953125 0.02421875
0 0.577734375 0.902734375 0.005859375 0.021875
0 0.6203125 0.88359375 0.014453125 0.011328125
0 0.641796875 0.85625 0.011328125 0.018359375
0 0.676171875 0.9203125 0.013671875 0.016015625
0 0.72421875 0.884765625 0.0171875 0.0140625
0 0.7515625 0.869140625 0.012890625 0.02421875