0 0.31875 0.295703125 0.0109375 0.03984375
0 0.36484375 0.32109375 0.016796875 0.028125
0 0.415625 0.304296875 0.014453125 0.024609375
0 0.3390625 0.36875 0.012890625 0.026171875
0 0.3828125 0.37734375 0.0125 0.028125
0 0.307421875 0.416796875 0.012890625 0.030859375
0 0.47734375 0.452734375 0.02265625 0.0140625
0 0.410546875 0.496875 0.02109375 0.01640625
0 0.211328125 0.439453125 0.01328125 0.0234375
0 0.5859375 0.5046875 0.0171875 0.0296875
0 0.52734375 0.7 0.00859375 0.039453125
0 0.487109375 0.72578125 0.00859375 0.026953125
0 0.46328125 0.762109375 0.00859375 0.028515625
0 0.540625 0.76875 0.01640625 0.021484375
0 0.57890625 0.77890625 0.010546875 0.02734375
0 0.333984375 0.7546875 0.01328125 0.021484375
0 0.403125 0.81953125 0.023046875 0.016796875
0 0.31171875 0.840625 0.02109375 0.018359375
0 0.77421875 0.77890625 0.023046875 0.01875
0 0.761328125 0.841796875 0.0171875 0.01796875
0 0.5734375 0.855859375 0.0125 0.03203125
0 0.25625 0.88046875 0.020703125 0.015625
0 0.429296875 0.90859375 0.013671875 0.0265625
0 0.40390625 0.96015625 0.01953125 0.0171875
0 0.2890625 0.96484375 0.01875 0.015234375
0 0.721875 0.9296875 0.025 0.016015625
0 0.8140625 0.961328125 0.02421875 0.0171875
0 0.870703125 0.97890625 0.020703125 0.022265625