0 0.794140625 0.015234375 0.0234375 0.02421875
0 0.800390625 0.04609375 0.020703125 0.02265625
0 0.8625 0.041015625 0.023828125 0.025
0 0.86484375 0.058984375 0.023046875 0.01796875
0 0.815625 0.08671875 0.019140625 0.030859375
0 0.88125 0.16328125 0.012890625 0.027734375
0 0.8953125 0.20546875 0.02109375 0.012109375
0 0.9046875 0.234375 0.0234375 0.02421875
0 0.539453125 0.33046875 0.013671875 0.032421875
0 0.55625 0.353515625 0.01796875 0.030859375
0 0.541015625 0.430859375 0.0234375 0.015234375
0 0.528125 0.448828125 0.008203125 0.034375