0 0.89140625 0.5390625 0.207421875 0.29921875
0 0.28125 0.29375 0.149609375 0.17265625
0 0.640625 0.38515625 0.151953125 0.224609375
0 0.49140625 0.331640625 0.123828125 0.178125
0 0.059375 0.32265625 0.11875 0.1546875
0 0.158203125 0.194140625 0.10234375 0.14765625
0 0.3375 0.1484375 0.091796875 0.13359375
0 0.860546875 0.6625 0.16171875 0.238671875
0 0.19453125 0.62265625 0.169140625 0.19296875
0 0.947265625 0.23046875 0.10546875 0.159375
0 0.769140625 0.293359375 0.15 0.18203125
0 0.23203125 0.125 0.040234375 0.110546875
0 0.4984375 0.203515625 0.100390625 0.082421875
0 0.5609375 0.135546875 0.075390625 0.076953125
0 0.0265625 0.59296875 0.053125 0.1921875
0 0.66953125 0.0984375 0.065625 0.12109375
0 0.909765625 0.123828125 0.058984375 0.0828125
0 0.6890625 0.16171875 0.054296875 0.079296875
0 0.462890625 0.123046875 0.052734375 0.12734375
0 0.423046875 0.123828125 0.059765625 0.121875
0 0.548046875 0.19453125 0.05234375 0.0859375
0 0.370703125 0.390234375 0.09921875 0.097265625
0 0.778515625 0.1578125 0.12421875 0.145703125
0 0.98203125 0.09921875 0.0359375 0.06796875
0 0.869921875 0.1640625 0.11015625 0.133203125
0 0.855078125 0.1203125 0.04453125 0.0625
0 0.12109375 0.133984375 0.0484375 0.095703125