0 0.334375 0.75546875 0.09140625 0.15546875
0 0.201953125 0.764453125 0.08515625 0.140234375
0 0.162109375 0.58828125 0.06171875 0.0859375
0 0.568359375 0.658203125 0.0359375 0.10546875
0 0.487109375 0.526953125 0.025 0.0609375
0 0.404296875 0.5140625 0.028125 0.065234375
0 0.357421875 0.4375 0.03984375 0.040234375
0 0.49140625 0.43046875 0.03203125 0.0390625
0 0.589453125 0.4359375 0.0359375 0.041796875
0 0.963671875 0.5703125 0.0328125 0.075
0 0.798828125 0.479296875 0.021875 0.05
0 0.683984375 0.4796875 0.029296875 0.061328125
0 0.828515625 0.481640625 0.03203125 0.0578125
0 0.73046875 0.377734375 0.018359375 0.03828125
0 0.68203125 0.317578125 0.034375 0.03828125
0 0.658203125 0.359375 0.048046875 0.04296875
0 0.464453125 0.41328125 0.03203125 0.044140625
0 0.23125 0.395703125 0.028125 0.044140625
0 0.320703125 0.4109375 0.03203125 0.0484375
0 0.35078125 0.408984375 0.028515625 0.056640625
0 0.2921875 0.362890625 0.0359375 0.0453125
0 0.280859375 0.3390625 0.0265625 0.041796875
0 0.238671875 0.328515625 0.025390625 0.023046875
0 0.2546875 0.3484375 0.03203125 0.041796875