0 0.37109375 0.611328125 0.096875 0.070703125
0 0.434765625 0.86484375 0.227734375 0.178515625
0 0.362890625 0.73203125 0.152734375 0.151953125
0 0.643359375 0.87109375 0.175390625 0.1296875
0 0.5578125 0.575 0.108203125 0.0796875
0 0.503515625 0.644921875 0.107421875 0.118359375
0 0.146875 0.58515625 0.11171875 0.08984375
0 0.228125 0.544921875 0.06328125 0.054296875
0 0.74921875 0.7609375 0.133203125 0.1046875
0 0.229296875 0.607421875 0.0890625 0.078125
0 0.110546875 0.5140625 0.08125 0.06953125
0 0.286328125 0.721875 0.130078125 0.113671875
0 0.65703125 0.612890625 0.0890625 0.076953125
0 0.069921875 0.4375 0.058984375 0.0625
0 0.445703125 0.5375 0.068359375 0.0640625
0 0.29140625 0.562109375 0.08125 0.070703125
0 0.020703125 0.430078125 0.04140625 0.051171875
0 0.498046875 0.752734375 0.130078125 0.096484375
0 0.35546875 0.526953125 0.0734375 0.06171875
0 0.6546875 0.526953125 0.103515625 0.0890625
0 0.707421875 0.5390625 0.087109375 0.070703125
0 0.74765625 0.666015625 0.097265625 0.075
0 0.31015625 0.508984375 0.076171875 0.0625
0 0.796484375 0.496875 0.066796875 0.05625
0 0.50703125 0.560546875 0.073828125 0.061328125
0 0.80859375 0.648828125 0.09140625 0.08203125
0 0.1375 0.4515625 0.057421875 0.07109375
0 0.3609375 0.416796875 0.063671875 0.042578125
0 0.557421875 0.465625 0.076953125 0.051953125
0 0.555859375 0.520703125 0.06171875 0.03984375
0 0.496484375 0.501171875 0.067578125 0.06015625
0 0.431640625 0.4578125 0.06171875 0.053515625
0 0.783984375 0.4140625 0.064453125 0.02890625
0 0.51171875 0.43046875 0.067578125 0.037109375
0 0.58984375 0.42578125 0.067578125 0.0328125