0 0.3796875 0.306640625 0.026171875 0.091796875
0 0.33671875 0.29453125 0.0234375 0.053515625
0 0.09921875 0.371484375 0.05703125 0.096875
0 0.163671875 0.531640625 0.043359375 0.185546875
0 0.2546875 0.569921875 0.0640625 0.16953125
0 0.241796875 0.2765625 0.0265625 0.054296875
0 0.1484375 0.303125 0.046484375 0.091015625
0 0.32890625 0.383203125 0.037890625 0.1046875
0 0.24765625 0.348046875 0.0328125 0.061328125
0 0.0375 0.68828125 0.074609375 0.1625
0 0.503515625 0.616015625 0.03984375 0.1734375
0 0.05546875 0.56875 0.083984375 0.11640625
0 0.041015625 0.84375 0.078515625 0.103125
0 0.187890625 0.8265625 0.07578125 0.140234375
0 0.300390625 0.73828125 0.0640625 0.203515625
0 0.258203125 0.476953125 0.055078125 0.115234375
0 0.220703125 0.464453125 0.053515625 0.126953125
0 0.203515625 0.4140625 0.05 0.084765625
0 0.199609375 0.346484375 0.04765625 0.084765625
0 0.35078125 0.5 0.06015625 0.148046875
0 0.301171875 0.516015625 0.042578125 0.119140625
0 0.29921875 0.61328125 0.08671875 0.157421875
0 0.36171875 0.705859375 0.058203125 0.2234375
0 0.416796875 0.673828125 0.058203125 0.23671875
0 0.467578125 0.757421875 0.0765625 0.197265625
0 0.616796875 0.816015625 0.093359375 0.1640625
0 0.852734375 0.833203125 0.12734375 0.119140625
0 0.874609375 0.55703125 0.070703125 0.1375
0 0.8265625 0.591796875 0.06328125 0.14140625
0 0.915234375 0.71484375 0.082421875 0.178515625
0 0.97578125 0.732421875 0.0484375 0.16796875
0 0.751171875 0.519921875 0.069140625 0.1109375
0 0.75 0.5765625 0.083203125 0.134765625
0 0.811328125 0.708203125 0.09921875 0.18125
0 0.87265625 0.74140625 0.093359375 0.186328125
0 0.723046875 0.666796875 0.0890625 0.15625
0 0.619140625 0.687109375 0.056640625 0.157421875
0 0.58203125 0.571484375 0.057421875 0.1375
0 0.6234375 0.552734375 0.066796875 0.12421875
0 0.632421875 0.41015625 0.033203125 0.092578125
0 0.575390625 0.47734375 0.0359375 0.08203125
0 0.57578125 0.330859375 0.0234375 0.079296875
0 0.56796875 0.3875 0.029296875 0.087109375
0 0.51484375 0.39609375 0.028515625 0.101953125
0 0.523046875 0.489453125 0.04765625 0.119140625
0 0.539453125 0.34453125 0.033984375 0.09140625
0 0.40078125 0.372265625 0.03671875 0.088671875
0 0.475 0.43203125 0.041796875 0.13359375
0 0.44140625 0.41484375 0.033984375 0.0859375
0 0.441015625 0.509375 0.046484375 0.1296875
0 0.40703125 0.55546875 0.0625 0.132421875
0 0.2859375 0.290234375 0.031640625 0.078125
0 0.022265625 0.41328125 0.044140625 0.096484375
0 0.20625 0.308203125 0.0390625 0.066015625
0 0.43125 0.27578125 0.019140625 0.069921875